Run Value_Current_Best Current_Best 25 Value_Solution_At_Iteration Solution_At_Iteration
1 1.8486846759041744 0.0 4.0 0.0 4.0 4.0 0.0 1.0 3.0 1.0 1.0 3.0 2.0 4.0 0.0 4.0 4.0 2.0 4.0 0.0 4.0 3.0 2.0 0.0 0.0 0.0 2.0331851190789587 3.0 0.0 3.0 0.0 2.0 4.0 1.0 4.0 1.0 2.0 2.0 3.0 3.0 0.0 3.0 4.0 0.0 1.0 2.0 2.0 1.0 3.0 0.0 2.0 3.0
1 2.0331851190789587 3.0 0.0 3.0 0.0 2.0 4.0 1.0 4.0 1.0 2.0 2.0 3.0 3.0 0.0 3.0 4.0 0.0 1.0 2.0 2.0 1.0 3.0 0.0 2.0 3.0 2.0331851190789587 3.0 0.0 3.0 0.0 2.0 4.0 1.0 4.0 1.0 2.0 2.0 3.0 3.0 0.0 3.0 4.0 0.0 1.0 2.0 2.0 1.0 3.0 0.0 2.0 3.0
1 2.0331851190789587 3.0 0.0 3.0 0.0 2.0 4.0 1.0 4.0 1.0 2.0 2.0 3.0 3.0 0.0 3.0 4.0 0.0 1.0 2.0 2.0 1.0 3.0 0.0 2.0 3.0 2.0331851190789587 3.0 0.0 3.0 0.0 2.0 4.0 1.0 4.0 1.0 2.0 2.0 3.0 3.0 0.0 3.0 4.0 0.0 1.0 2.0 2.0 1.0 3.0 0.0 2.0 3.0
1 2.0331851190789587 3.0 0.0 3.0 0.0 2.0 4.0 1.0 4.0 1.0 2.0 2.0 3.0 3.0 0.0 3.0 4.0 0.0 1.0 2.0 2.0 1.0 3.0 0.0 2.0 3.0 2.0331851190789587 3.0 0.0 3.0 0.0 2.0 4.0 1.0 4.0 1.0 2.0 2.0 3.0 3.0 0.0 3.0 4.0 0.0 1.0 2.0 2.0 1.0 3.0 0.0 2.0 3.0
1 2.0331851190789587 3.0 0.0 3.0 0.0 2.0 4.0 1.0 4.0 1.0 2.0 2.0 3.0 3.0 0.0 3.0 4.0 0.0 1.0 2.0 2.0 1.0 3.0 0.0 2.0 3.0 2.4507288178712754 0.0 4.0 2.0 4.0 4.0 0.0 1.0 3.0 1.0 1.0 2.0 2.0 4.0 0.0 4.0 4.0 4.0 4.0 0.0 1.0 3.0 2.0 0.0 0.0 0.0
1 2.4507288178712754 0.0 4.0 2.0 4.0 4.0 0.0 1.0 3.0 1.0 1.0 2.0 2.0 4.0 0.0 4.0 4.0 4.0 4.0 0.0 1.0 3.0 2.0 0.0 0.0 0.0 2.4507288178712754 0.0 4.0 2.0 4.0 4.0 0.0 1.0 3.0 1.0 1.0 2.0 2.0 4.0 0.0 4.0 4.0 4.0 4.0 0.0 1.0 3.0 2.0 0.0 0.0 0.0
1 2.4507288178712754 0.0 4.0 2.0 4.0 4.0 0.0 1.0 3.0 1.0 1.0 2.0 2.0 4.0 0.0 4.0 4.0 4.0 4.0 0.0 1.0 3.0 2.0 0.0 0.0 0.0 2.4507288178712754 0.0 4.0 2.0 4.0 4.0 0.0 1.0 3.0 1.0 1.0 2.0 2.0 4.0 0.0 4.0 4.0 4.0 4.0 0.0 1.0 3.0 2.0 0.0 0.0 0.0
1 2.4507288178712754 0.0 4.0 2.0 4.0 4.0 0.0 1.0 3.0 1.0 1.0 2.0 2.0 4.0 0.0 4.0 4.0 4.0 4.0 0.0 1.0 3.0 2.0 0.0 0.0 0.0 2.4507288178712754 0.0 4.0 2.0 4.0 4.0 0.0 1.0 3.0 1.0 1.0 2.0 2.0 4.0 0.0 4.0 4.0 4.0 4.0 0.0 1.0 3.0 2.0 0.0 0.0 0.0
1 2.4507288178712754 0.0 4.0 2.0 4.0 4.0 0.0 1.0 3.0 1.0 1.0 2.0 2.0 4.0 0.0 4.0 4.0 4.0 4.0 0.0 1.0 3.0 2.0 0.0 0.0 0.0 2.4507288178712754 0.0 4.0 2.0 4.0 4.0 0.0 1.0 3.0 1.0 1.0 2.0 2.0 4.0 0.0 4.0 4.0 4.0 4.0 0.0 1.0 3.0 2.0 0.0 0.0 0.0
1 2.4507288178712754 0.0 4.0 2.0 4.0 4.0 0.0 1.0 3.0 1.0 1.0 2.0 2.0 4.0 0.0 4.0 4.0 4.0 4.0 0.0 1.0 3.0 2.0 0.0 0.0 0.0 2.4507288178712754 0.0 4.0 2.0 4.0 4.0 0.0 1.0 3.0 1.0 1.0 2.0 2.0 4.0 0.0 4.0 4.0 4.0 4.0 0.0 1.0 3.0 2.0 0.0 0.0 0.0
1 2.4507288178712754 0.0 4.0 2.0 4.0 4.0 0.0 1.0 3.0 1.0 1.0 2.0 2.0 4.0 0.0 4.0 4.0 4.0 4.0 0.0 1.0 3.0 2.0 0.0 0.0 0.0 3.467781776020364 1.0 0.0 0.0 0.0 2.0 4.0 1.0 4.0 1.0 2.0 2.0 3.0 3.0 0.0 3.0 4.0 0.0 1.0 2.0 2.0 2.0 3.0 0.0 2.0 3.0
1 3.467781776020364 1.0 0.0 0.0 0.0 2.0 4.0 1.0 4.0 1.0 2.0 2.0 3.0 3.0 0.0 3.0 4.0 0.0 1.0 2.0 2.0 2.0 3.0 0.0 2.0 3.0 3.467781776020364 1.0 0.0 0.0 0.0 2.0 4.0 1.0 4.0 1.0 2.0 2.0 3.0 3.0 0.0 3.0 4.0 0.0 1.0 2.0 2.0 2.0 3.0 0.0 2.0 3.0
1 3.467781776020364 1.0 0.0 0.0 0.0 2.0 4.0 1.0 4.0 1.0 2.0 2.0 3.0 3.0 0.0 3.0 4.0 0.0 1.0 2.0 2.0 2.0 3.0 0.0 2.0 3.0 3.467781776020364 1.0 0.0 0.0 0.0 2.0 4.0 1.0 4.0 1.0 2.0 2.0 3.0 3.0 0.0 3.0 4.0 0.0 1.0 2.0 2.0 2.0 3.0 0.0 2.0 3.0
1 3.467781776020364 1.0 0.0 0.0 0.0 2.0 4.0 1.0 4.0 1.0 2.0 2.0 3.0 3.0 0.0 3.0 4.0 0.0 1.0 2.0 2.0 2.0 3.0 0.0 2.0 3.0 3.467781776020364 1.0 0.0 0.0 0.0 2.0 4.0 1.0 4.0 1.0 2.0 2.0 3.0 3.0 0.0 3.0 4.0 0.0 1.0 2.0 2.0 2.0 3.0 0.0 2.0 3.0
1 3.467781776020364 1.0 0.0 0.0 0.0 2.0 4.0 1.0 4.0 1.0 2.0 2.0 3.0 3.0 0.0 3.0 4.0 0.0 1.0 2.0 2.0 2.0 3.0 0.0 2.0 3.0 3.467781776020364 1.0 0.0 0.0 0.0 2.0 4.0 1.0 4.0 1.0 2.0 2.0 3.0 3.0 0.0 3.0 4.0 0.0 1.0 2.0 2.0 2.0 3.0 0.0 2.0 3.0
1 3.467781776020364 1.0 0.0 0.0 0.0 2.0 4.0 1.0 4.0 1.0 2.0 2.0 3.0 3.0 0.0 3.0 4.0 0.0 1.0 2.0 2.0 2.0 3.0 0.0 2.0 3.0 3.467781776020364 1.0 0.0 0.0 0.0 2.0 4.0 1.0 4.0 1.0 2.0 2.0 3.0 3.0 0.0 3.0 4.0 0.0 1.0 2.0 2.0 2.0 3.0 0.0 2.0 3.0
1 3.467781776020364 1.0 0.0 0.0 0.0 2.0 4.0 1.0 4.0 1.0 2.0 2.0 3.0 3.0 0.0 3.0 4.0 0.0 1.0 2.0 2.0 2.0 3.0 0.0 2.0 3.0 3.467781776020364 1.0 0.0 0.0 0.0 2.0 4.0 1.0 4.0 1.0 2.0 2.0 3.0 3.0 0.0 3.0 4.0 0.0 1.0 2.0 2.0 2.0 3.0 0.0 2.0 3.0
1 3.467781776020364 1.0 0.0 0.0 0.0 2.0 4.0 1.0 4.0 1.0 2.0 2.0 3.0 3.0 0.0 3.0 4.0 0.0 1.0 2.0 2.0 2.0 3.0 0.0 2.0 3.0 3.467781776020364 1.0 0.0 0.0 0.0 2.0 4.0 1.0 4.0 1.0 2.0 2.0 3.0 3.0 0.0 3.0 4.0 0.0 1.0 2.0 2.0 2.0 3.0 0.0 2.0 3.0
1 3.467781776020364 1.0 0.0 0.0 0.0 2.0 4.0 1.0 4.0 1.0 2.0 2.0 3.0 3.0 0.0 3.0 4.0 0.0 1.0 2.0 2.0 2.0 3.0 0.0 2.0 3.0 3.467781776020364 1.0 0.0 0.0 0.0 2.0 4.0 1.0 4.0 1.0 2.0 2.0 3.0 3.0 0.0 3.0 4.0 0.0 1.0 2.0 2.0 2.0 3.0 0.0 2.0 3.0
1 3.467781776020364 1.0 0.0 0.0 0.0 2.0 4.0 1.0 4.0 1.0 2.0 2.0 3.0 3.0 0.0 3.0 4.0 0.0 1.0 2.0 2.0 2.0 3.0 0.0 2.0 3.0 3.467781776020364 1.0 0.0 0.0 0.0 2.0 4.0 1.0 4.0 1.0 2.0 2.0 3.0 3.0 0.0 3.0 4.0 0.0 1.0 2.0 2.0 2.0 3.0 0.0 2.0 3.0
1 3.467781776020364 1.0 0.0 0.0 0.0 2.0 4.0 1.0 4.0 1.0 2.0 2.0 3.0 3.0 0.0 3.0 4.0 0.0 1.0 2.0 2.0 2.0 3.0 0.0 2.0 3.0 3.467781776020364 1.0 0.0 0.0 0.0 2.0 4.0 1.0 4.0 1.0 2.0 2.0 3.0 3.0 0.0 3.0 4.0 0.0 1.0 2.0 2.0 2.0 3.0 0.0 2.0 3.0
1 3.467781776020364 1.0 0.0 0.0 0.0 2.0 4.0 1.0 4.0 1.0 2.0 2.0 3.0 3.0 0.0 3.0 4.0 0.0 1.0 2.0 2.0 2.0 3.0 0.0 2.0 3.0 3.467781776020364 1.0 0.0 0.0 0.0 2.0 4.0 1.0 4.0 1.0 2.0 2.0 3.0 3.0 0.0 3.0 4.0 0.0 1.0 2.0 2.0 2.0 3.0 0.0 2.0 3.0
1 3.467781776020364 1.0 0.0 0.0 0.0 2.0 4.0 1.0 4.0 1.0 2.0 2.0 3.0 3.0 0.0 3.0 4.0 0.0 1.0 2.0 2.0 2.0 3.0 0.0 2.0 3.0 3.467781776020364 1.0 0.0 0.0 0.0 2.0 4.0 1.0 4.0 1.0 2.0 2.0 3.0 3.0 0.0 3.0 4.0 0.0 1.0 2.0 2.0 2.0 3.0 0.0 2.0 3.0
1 3.467781776020364 1.0 0.0 0.0 0.0 2.0 4.0 1.0 4.0 1.0 2.0 2.0 3.0 3.0 0.0 3.0 4.0 0.0 1.0 2.0 2.0 2.0 3.0 0.0 2.0 3.0 3.467781776020364 1.0 0.0 0.0 0.0 2.0 4.0 1.0 4.0 1.0 2.0 2.0 3.0 3.0 0.0 3.0 4.0 0.0 1.0 2.0 2.0 2.0 3.0 0.0 2.0 3.0
1 3.467781776020364 1.0 0.0 0.0 0.0 2.0 4.0 1.0 4.0 1.0 2.0 2.0 3.0 3.0 0.0 3.0 4.0 0.0 1.0 2.0 2.0 2.0 3.0 0.0 2.0 3.0 3.467781776020364 1.0 0.0 0.0 0.0 2.0 4.0 1.0 4.0 1.0 2.0 2.0 3.0 3.0 0.0 3.0 4.0 0.0 1.0 2.0 2.0 2.0 3.0 0.0 2.0 3.0
1 3.467781776020364 1.0 0.0 0.0 0.0 2.0 4.0 1.0 4.0 1.0 2.0 2.0 3.0 3.0 0.0 3.0 4.0 0.0 1.0 2.0 2.0 2.0 3.0 0.0 2.0 3.0 3.467781776020364 1.0 0.0 0.0 0.0 2.0 4.0 1.0 4.0 1.0 2.0 2.0 3.0 3.0 0.0 3.0 4.0 0.0 1.0 2.0 2.0 2.0 3.0 0.0 2.0 3.0
1 3.467781776020364 1.0 0.0 0.0 0.0 2.0 4.0 1.0 4.0 1.0 2.0 2.0 3.0 3.0 0.0 3.0 4.0 0.0 1.0 2.0 2.0 2.0 3.0 0.0 2.0 3.0 3.467781776020364 1.0 0.0 0.0 0.0 2.0 4.0 1.0 4.0 1.0 2.0 2.0 3.0 3.0 0.0 3.0 4.0 0.0 1.0 2.0 2.0 2.0 3.0 0.0 2.0 3.0
1 3.467781776020364 1.0 0.0 0.0 0.0 2.0 4.0 1.0 4.0 1.0 2.0 2.0 3.0 3.0 0.0 3.0 4.0 0.0 1.0 2.0 2.0 2.0 3.0 0.0 2.0 3.0 3.467781776020364 1.0 0.0 0.0 0.0 2.0 4.0 1.0 4.0 1.0 2.0 2.0 3.0 3.0 0.0 3.0 4.0 0.0 1.0 2.0 2.0 2.0 3.0 0.0 2.0 3.0
1 3.467781776020364 1.0 0.0 0.0 0.0 2.0 4.0 1.0 4.0 1.0 2.0 2.0 3.0 3.0 0.0 3.0 4.0 0.0 1.0 2.0 2.0 2.0 3.0 0.0 2.0 3.0 3.467781776020364 1.0 0.0 0.0 0.0 2.0 4.0 1.0 4.0 1.0 2.0 2.0 3.0 3.0 0.0 3.0 4.0 0.0 1.0 2.0 2.0 2.0 3.0 0.0 2.0 3.0
1 3.467781776020364 1.0 0.0 0.0 0.0 2.0 4.0 1.0 4.0 1.0 2.0 2.0 3.0 3.0 0.0 3.0 4.0 0.0 1.0 2.0 2.0 2.0 3.0 0.0 2.0 3.0 3.467781776020364 1.0 0.0 0.0 0.0 2.0 4.0 1.0 4.0 1.0 2.0 2.0 3.0 3.0 0.0 3.0 4.0 0.0 1.0 2.0 2.0 2.0 3.0 0.0 2.0 3.0
1 3.467781776020364 1.0 0.0 0.0 0.0 2.0 4.0 1.0 4.0 1.0 2.0 2.0 3.0 3.0 0.0 3.0 4.0 0.0 1.0 2.0 2.0 2.0 3.0 0.0 2.0 3.0 3.467781776020364 1.0 0.0 0.0 0.0 2.0 4.0 1.0 4.0 1.0 2.0 2.0 3.0 3.0 0.0 3.0 4.0 0.0 1.0 2.0 2.0 2.0 3.0 0.0 2.0 3.0
1 3.467781776020364 1.0 0.0 0.0 0.0 2.0 4.0 1.0 4.0 1.0 2.0 2.0 3.0 3.0 0.0 3.0 4.0 0.0 1.0 2.0 2.0 2.0 3.0 0.0 2.0 3.0 3.528784970773006 1.0 0.0 0.0 0.0 2.0 4.0 4.0 1.0 1.0 2.0 2.0 3.0 3.0 0.0 3.0 4.0 0.0 3.0 2.0 2.0 2.0 3.0 0.0 0.0 3.0
1 3.528784970773006 1.0 0.0 0.0 0.0 2.0 4.0 4.0 1.0 1.0 2.0 2.0 3.0 3.0 0.0 3.0 4.0 0.0 3.0 2.0 2.0 2.0 3.0 0.0 0.0 3.0 3.528784970773006 1.0 0.0 0.0 0.0 2.0 4.0 4.0 1.0 1.0 2.0 2.0 3.0 3.0 0.0 3.0 4.0 0.0 3.0 2.0 2.0 2.0 3.0 0.0 0.0 3.0
1 3.528784970773006 1.0 0.0 0.0 0.0 2.0 4.0 4.0 1.0 1.0 2.0 2.0 3.0 3.0 0.0 3.0 4.0 0.0 3.0 2.0 2.0 2.0 3.0 0.0 0.0 3.0 4.844589578370651 1.0 0.0 0.0 0.0 2.0 4.0 1.0 4.0 1.0 2.0 3.0 3.0 3.0 0.0 3.0 4.0 0.0 1.0 2.0 2.0 2.0 3.0 0.0 2.0 1.0
1 4.844589578370651 1.0 0.0 0.0 0.0 2.0 4.0 1.0 4.0 1.0 2.0 3.0 3.0 3.0 0.0 3.0 4.0 0.0 1.0 2.0 2.0 2.0 3.0 0.0 2.0 1.0 4.844589578370651 1.0 0.0 0.0 0.0 2.0 4.0 1.0 4.0 1.0 2.0 3.0 3.0 3.0 0.0 3.0 4.0 0.0 1.0 2.0 2.0 2.0 3.0 0.0 2.0 1.0
1 4.844589578370651 1.0 0.0 0.0 0.0 2.0 4.0 1.0 4.0 1.0 2.0 3.0 3.0 3.0 0.0 3.0 4.0 0.0 1.0 2.0 2.0 2.0 3.0 0.0 2.0 1.0 4.844589578370651 1.0 0.0 0.0 0.0 2.0 4.0 1.0 4.0 1.0 2.0 3.0 3.0 3.0 0.0 3.0 4.0 0.0 1.0 2.0 2.0 2.0 3.0 0.0 2.0 1.0
1 4.844589578370651 1.0 0.0 0.0 0.0 2.0 4.0 1.0 4.0 1.0 2.0 3.0 3.0 3.0 0.0 3.0 4.0 0.0 1.0 2.0 2.0 2.0 3.0 0.0 2.0 1.0 4.844589578370651 1.0 0.0 0.0 0.0 2.0 4.0 1.0 4.0 1.0 2.0 3.0 3.0 3.0 0.0 3.0 4.0 0.0 1.0 2.0 2.0 2.0 3.0 0.0 2.0 1.0
1 4.844589578370651 1.0 0.0 0.0 0.0 2.0 4.0 1.0 4.0 1.0 2.0 3.0 3.0 3.0 0.0 3.0 4.0 0.0 1.0 2.0 2.0 2.0 3.0 0.0 2.0 1.0 4.844589578370651 1.0 0.0 0.0 0.0 2.0 4.0 1.0 4.0 1.0 2.0 3.0 3.0 3.0 0.0 3.0 4.0 0.0 1.0 2.0 2.0 2.0 3.0 0.0 2.0 1.0
1 4.844589578370651 1.0 0.0 0.0 0.0 2.0 4.0 1.0 4.0 1.0 2.0 3.0 3.0 3.0 0.0 3.0 4.0 0.0 1.0 2.0 2.0 2.0 3.0 0.0 2.0 1.0 4.990281838461013 1.0 0.0 0.0 0.0 2.0 4.0 4.0 1.0 1.0 1.0 2.0 3.0 4.0 0.0 3.0 4.0 0.0 3.0 2.0 2.0 1.0 3.0 2.0 0.0 3.0
1 4.990281838461013 1.0 0.0 0.0 0.0 2.0 4.0 4.0 1.0 1.0 1.0 2.0 3.0 4.0 0.0 3.0 4.0 0.0 3.0 2.0 2.0 1.0 3.0 2.0 0.0 3.0 4.990281838461013 1.0 0.0 0.0 0.0 2.0 4.0 4.0 1.0 1.0 1.0 2.0 3.0 4.0 0.0 3.0 4.0 0.0 3.0 2.0 2.0 1.0 3.0 2.0 0.0 3.0
1 4.990281838461013 1.0 0.0 0.0 0.0 2.0 4.0 4.0 1.0 1.0 1.0 2.0 3.0 4.0 0.0 3.0 4.0 0.0 3.0 2.0 2.0 1.0 3.0 2.0 0.0 3.0 4.990281838461013 1.0 0.0 0.0 0.0 2.0 4.0 4.0 1.0 1.0 1.0 2.0 3.0 4.0 0.0 3.0 4.0 0.0 3.0 2.0 2.0 1.0 3.0 2.0 0.0 3.0
1 4.990281838461013 1.0 0.0 0.0 0.0 2.0 4.0 4.0 1.0 1.0 1.0 2.0 3.0 4.0 0.0 3.0 4.0 0.0 3.0 2.0 2.0 1.0 3.0 2.0 0.0 3.0 5.202682379204462 1.0 0.0 0.0 0.0 2.0 4.0 1.0 4.0 1.0 2.0 3.0 3.0 3.0 0.0 3.0 4.0 0.0 1.0 2.0 2.0 3.0 3.0 0.0 2.0 1.0
1 5.202682379204462 1.0 0.0 0.0 0.0 2.0 4.0 1.0 4.0 1.0 2.0 3.0 3.0 3.0 0.0 3.0 4.0 0.0 1.0 2.0 2.0 3.0 3.0 0.0 2.0 1.0 5.202682379204462 1.0 0.0 0.0 0.0 2.0 4.0 1.0 4.0 1.0 2.0 3.0 3.0 3.0 0.0 3.0 4.0 0.0 1.0 2.0 2.0 3.0 3.0 0.0 2.0 1.0
1 5.202682379204462 1.0 0.0 0.0 0.0 2.0 4.0 1.0 4.0 1.0 2.0 3.0 3.0 3.0 0.0 3.0 4.0 0.0 1.0 2.0 2.0 3.0 3.0 0.0 2.0 1.0 5.202682379204462 1.0 0.0 0.0 0.0 2.0 4.0 1.0 4.0 1.0 2.0 3.0 3.0 3.0 0.0 3.0 4.0 0.0 1.0 2.0 2.0 3.0 3.0 0.0 2.0 1.0
1 5.202682379204462 1.0 0.0 0.0 0.0 2.0 4.0 1.0 4.0 1.0 2.0 3.0 3.0 3.0 0.0 3.0 4.0 0.0 1.0 2.0 2.0 3.0 3.0 0.0 2.0 1.0 5.202682379204462 1.0 0.0 0.0 0.0 2.0 4.0 1.0 4.0 1.0 2.0 3.0 3.0 3.0 0.0 3.0 4.0 0.0 1.0 2.0 2.0 3.0 3.0 0.0 2.0 1.0
1 5.202682379204462 1.0 0.0 0.0 0.0 2.0 4.0 1.0 4.0 1.0 2.0 3.0 3.0 3.0 0.0 3.0 4.0 0.0 1.0 2.0 2.0 3.0 3.0 0.0 2.0 1.0 5.202682379204462 1.0 0.0 0.0 0.0 2.0 4.0 1.0 4.0 1.0 2.0 3.0 3.0 3.0 0.0 3.0 4.0 0.0 1.0 2.0 2.0 3.0 3.0 0.0 2.0 1.0
1 5.202682379204462 1.0 0.0 0.0 0.0 2.0 4.0 1.0 4.0 1.0 2.0 3.0 3.0 3.0 0.0 3.0 4.0 0.0 1.0 2.0 2.0 3.0 3.0 0.0 2.0 1.0 5.202682379204462 1.0 0.0 0.0 0.0 2.0 4.0 1.0 4.0 1.0 2.0 3.0 3.0 3.0 0.0 3.0 4.0 0.0 1.0 2.0 2.0 3.0 3.0 0.0 2.0 1.0
1 5.202682379204462 1.0 0.0 0.0 0.0 2.0 4.0 1.0 4.0 1.0 2.0 3.0 3.0 3.0 0.0 3.0 4.0 0.0 1.0 2.0 2.0 3.0 3.0 0.0 2.0 1.0 5.703961184284372 1.0 0.0 0.0 0.0 2.0 4.0 1.0 4.0 1.0 2.0 3.0 3.0 3.0 0.0 3.0 4.0 0.0 1.0 2.0 2.0 3.0 3.0 0.0 0.0 1.0
1 5.703961184284372 1.0 0.0 0.0 0.0 2.0 4.0 1.0 4.0 1.0 2.0 3.0 3.0 3.0 0.0 3.0 4.0 0.0 1.0 2.0 2.0 3.0 3.0 0.0 0.0 1.0 5.703961184284372 1.0 0.0 0.0 0.0 2.0 4.0 1.0 4.0 1.0 2.0 3.0 3.0 3.0 0.0 3.0 4.0 0.0 1.0 2.0 2.0 3.0 3.0 0.0 0.0 1.0
1 5.703961184284372 1.0 0.0 0.0 0.0 2.0 4.0 1.0 4.0 1.0 2.0 3.0 3.0 3.0 0.0 3.0 4.0 0.0 1.0 2.0 2.0 3.0 3.0 0.0 0.0 1.0 5.827224827020273 1.0 0.0 0.0 3.0 2.0 4.0 1.0 4.0 1.0 2.0 3.0 3.0 3.0 3.0 3.0 4.0 0.0 1.0 2.0 2.0 2.0 3.0 0.0 0.0 1.0
1 5.827224827020273 1.0 0.0 0.0 3.0 2.0 4.0 1.0 4.0 1.0 2.0 3.0 3.0 3.0 3.0 3.0 4.0 0.0 1.0 2.0 2.0 2.0 3.0 0.0 0.0 1.0 6.563596622027561 0.0 0.0 0.0 0.0 0.0 4.0 1.0 4.0 1.0 2.0 3.0 3.0 3.0 0.0 3.0 4.0 0.0 1.0 2.0 2.0 3.0 3.0 0.0 0.0 1.0
1 6.563596622027561 0.0 0.0 0.0 0.0 0.0 4.0 1.0 4.0 1.0 2.0 3.0 3.0 3.0 0.0 3.0 4.0 0.0 1.0 2.0 2.0 3.0 3.0 0.0 0.0 1.0 6.563596622027561 0.0 0.0 0.0 0.0 0.0 4.0 1.0 4.0 1.0 2.0 3.0 3.0 3.0 0.0 3.0 4.0 0.0 1.0 2.0 2.0 3.0 3.0 0.0 0.0 1.0
1 6.563596622027561 0.0 0.0 0.0 0.0 0.0 4.0 1.0 4.0 1.0 2.0 3.0 3.0 3.0 0.0 3.0 4.0 0.0 1.0 2.0 2.0 3.0 3.0 0.0 0.0 1.0 6.563596622027561 0.0 0.0 0.0 0.0 0.0 4.0 1.0 4.0 1.0 2.0 3.0 3.0 3.0 0.0 3.0 4.0 0.0 1.0 2.0 2.0 3.0 3.0 0.0 0.0 1.0
1 6.563596622027561 0.0 0.0 0.0 0.0 0.0 4.0 1.0 4.0 1.0 2.0 3.0 3.0 3.0 0.0 3.0 4.0 0.0 1.0 2.0 2.0 3.0 3.0 0.0 0.0 1.0 6.563596622027561 0.0 0.0 0.0 0.0 0.0 4.0 1.0 4.0 1.0 2.0 3.0 3.0 3.0 0.0 3.0 4.0 0.0 1.0 2.0 2.0 3.0 3.0 0.0 0.0 1.0
1 6.563596622027561 0.0 0.0 0.0 0.0 0.0 4.0 1.0 4.0 1.0 2.0 3.0 3.0 3.0 0.0 3.0 4.0 0.0 1.0 2.0 2.0 3.0 3.0 0.0 0.0 1.0 6.563596622027561 0.0 0.0 0.0 0.0 0.0 4.0 1.0 4.0 1.0 2.0 3.0 3.0 3.0 0.0 3.0 4.0 0.0 1.0 2.0 2.0 3.0 3.0 0.0 0.0 1.0
1 6.563596622027561 0.0 0.0 0.0 0.0 0.0 4.0 1.0 4.0 1.0 2.0 3.0 3.0 3.0 0.0 3.0 4.0 0.0 1.0 2.0 2.0 3.0 3.0 0.0 0.0 1.0 6.563596622027561 0.0 0.0 0.0 0.0 0.0 4.0 1.0 4.0 1.0 2.0 3.0 3.0 3.0 0.0 3.0 4.0 0.0 1.0 2.0 2.0 3.0 3.0 0.0 0.0 1.0
1 6.563596622027561 0.0 0.0 0.0 0.0 0.0 4.0 1.0 4.0 1.0 2.0 3.0 3.0 3.0 0.0 3.0 4.0 0.0 1.0 2.0 2.0 3.0 3.0 0.0 0.0 1.0 6.707614965444924 1.0 0.0 0.0 3.0 2.0 4.0 1.0 4.0 1.0 2.0 3.0 3.0 3.0 3.0 3.0 4.0 0.0 1.0 2.0 3.0 2.0 3.0 0.0 0.0 1.0
1 6.707614965444924 1.0 0.0 0.0 3.0 2.0 4.0 1.0 4.0 1.0 2.0 3.0 3.0 3.0 3.0 3.0 4.0 0.0 1.0 2.0 3.0 2.0 3.0 0.0 0.0 1.0 6.707614965444924 1.0 0.0 0.0 3.0 2.0 4.0 1.0 4.0 1.0 2.0 3.0 3.0 3.0 3.0 3.0 4.0 0.0 1.0 2.0 3.0 2.0 3.0 0.0 0.0 1.0
1 6.707614965444924 1.0 0.0 0.0 3.0 2.0 4.0 1.0 4.0 1.0 2.0 3.0 3.0 3.0 3.0 3.0 4.0 0.0 1.0 2.0 3.0 2.0 3.0 0.0 0.0 1.0 6.707614965444924 1.0 0.0 0.0 3.0 2.0 4.0 1.0 4.0 1.0 2.0 3.0 3.0 3.0 3.0 3.0 4.0 0.0 1.0 2.0 3.0 2.0 3.0 0.0 0.0 1.0
1 6.707614965444924 1.0 0.0 0.0 3.0 2.0 4.0 1.0 4.0 1.0 2.0 3.0 3.0 3.0 3.0 3.0 4.0 0.0 1.0 2.0 3.0 2.0 3.0 0.0 0.0 1.0 6.707614965444924 1.0 0.0 0.0 3.0 2.0 4.0 1.0 4.0 1.0 2.0 3.0 3.0 3.0 3.0 3.0 4.0 0.0 1.0 2.0 3.0 2.0 3.0 0.0 0.0 1.0
1 6.707614965444924 1.0 0.0 0.0 3.0 2.0 4.0 1.0 4.0 1.0 2.0 3.0 3.0 3.0 3.0 3.0 4.0 0.0 1.0 2.0 3.0 2.0 3.0 0.0 0.0 1.0 6.707614965444924 1.0 0.0 0.0 3.0 2.0 4.0 1.0 4.0 1.0 2.0 3.0 3.0 3.0 3.0 3.0 4.0 0.0 1.0 2.0 3.0 2.0 3.0 0.0 0.0 1.0
1 6.707614965444924 1.0 0.0 0.0 3.0 2.0 4.0 1.0 4.0 1.0 2.0 3.0 3.0 3.0 3.0 3.0 4.0 0.0 1.0 2.0 3.0 2.0 3.0 0.0 0.0 1.0 6.707614965444924 1.0 0.0 0.0 3.0 2.0 4.0 1.0 4.0 1.0 2.0 3.0 3.0 3.0 3.0 3.0 4.0 0.0 1.0 2.0 3.0 2.0 3.0 0.0 0.0 1.0
1 6.707614965444924 1.0 0.0 0.0 3.0 2.0 4.0 1.0 4.0 1.0 2.0 3.0 3.0 3.0 3.0 3.0 4.0 0.0 1.0 2.0 3.0 2.0 3.0 0.0 0.0 1.0 6.707614965444924 1.0 0.0 0.0 3.0 2.0 4.0 1.0 4.0 1.0 2.0 3.0 3.0 3.0 3.0 3.0 4.0 0.0 1.0 2.0 3.0 2.0 3.0 0.0 0.0 1.0
1 6.707614965444924 1.0 0.0 0.0 3.0 2.0 4.0 1.0 4.0 1.0 2.0 3.0 3.0 3.0 3.0 3.0 4.0 0.0 1.0 2.0 3.0 2.0 3.0 0.0 0.0 1.0 6.707614965444924 1.0 0.0 0.0 3.0 2.0 4.0 1.0 4.0 1.0 2.0 3.0 3.0 3.0 3.0 3.0 4.0 0.0 1.0 2.0 3.0 2.0 3.0 0.0 0.0 1.0
1 6.707614965444924 1.0 0.0 0.0 3.0 2.0 4.0 1.0 4.0 1.0 2.0 3.0 3.0 3.0 3.0 3.0 4.0 0.0 1.0 2.0 3.0 2.0 3.0 0.0 0.0 1.0 6.707614965444924 1.0 0.0 0.0 3.0 2.0 4.0 1.0 4.0 1.0 2.0 3.0 3.0 3.0 3.0 3.0 4.0 0.0 1.0 2.0 3.0 2.0 3.0 0.0 0.0 1.0
1 6.707614965444924 1.0 0.0 0.0 3.0 2.0 4.0 1.0 4.0 1.0 2.0 3.0 3.0 3.0 3.0 3.0 4.0 0.0 1.0 2.0 3.0 2.0 3.0 0.0 0.0 1.0 6.707614965444924 1.0 0.0 0.0 3.0 2.0 4.0 1.0 4.0 1.0 2.0 3.0 3.0 3.0 3.0 3.0 4.0 0.0 1.0 2.0 3.0 2.0 3.0 0.0 0.0 1.0
1 6.707614965444924 1.0 0.0 0.0 3.0 2.0 4.0 1.0 4.0 1.0 2.0 3.0 3.0 3.0 3.0 3.0 4.0 0.0 1.0 2.0 3.0 2.0 3.0 0.0 0.0 1.0 6.707614965444924 1.0 0.0 0.0 3.0 2.0 4.0 1.0 4.0 1.0 2.0 3.0 3.0 3.0 3.0 3.0 4.0 0.0 1.0 2.0 3.0 2.0 3.0 0.0 0.0 1.0
1 6.707614965444924 1.0 0.0 0.0 3.0 2.0 4.0 1.0 4.0 1.0 2.0 3.0 3.0 3.0 3.0 3.0 4.0 0.0 1.0 2.0 3.0 2.0 3.0 0.0 0.0 1.0 6.707614965444924 1.0 0.0 0.0 3.0 2.0 4.0 1.0 4.0 1.0 2.0 3.0 3.0 3.0 3.0 3.0 4.0 0.0 1.0 2.0 3.0 2.0 3.0 0.0 0.0 1.0
1 6.707614965444924 1.0 0.0 0.0 3.0 2.0 4.0 1.0 4.0 1.0 2.0 3.0 3.0 3.0 3.0 3.0 4.0 0.0 1.0 2.0 3.0 2.0 3.0 0.0 0.0 1.0 6.707614965444924 1.0 0.0 0.0 3.0 2.0 4.0 1.0 4.0 1.0 2.0 3.0 3.0 3.0 3.0 3.0 4.0 0.0 1.0 2.0 3.0 2.0 3.0 0.0 0.0 1.0
1 6.707614965444924 1.0 0.0 0.0 3.0 2.0 4.0 1.0 4.0 1.0 2.0 3.0 3.0 3.0 3.0 3.0 4.0 0.0 1.0 2.0 3.0 2.0 3.0 0.0 0.0 1.0 6.707614965444924 1.0 0.0 0.0 3.0 2.0 4.0 1.0 4.0 1.0 2.0 3.0 3.0 3.0 3.0 3.0 4.0 0.0 1.0 2.0 3.0 2.0 3.0 0.0 0.0 1.0
1 6.707614965444924 1.0 0.0 0.0 3.0 2.0 4.0 1.0 4.0 1.0 2.0 3.0 3.0 3.0 3.0 3.0 4.0 0.0 1.0 2.0 3.0 2.0 3.0 0.0 0.0 1.0 6.707614965444924 1.0 0.0 0.0 3.0 2.0 4.0 1.0 4.0 1.0 2.0 3.0 3.0 3.0 3.0 3.0 4.0 0.0 1.0 2.0 3.0 2.0 3.0 0.0 0.0 1.0
1 6.707614965444924 1.0 0.0 0.0 3.0 2.0 4.0 1.0 4.0 1.0 2.0 3.0 3.0 3.0 3.0 3.0 4.0 0.0 1.0 2.0 3.0 2.0 3.0 0.0 0.0 1.0 6.707614965444924 1.0 0.0 0.0 3.0 2.0 4.0 1.0 4.0 1.0 2.0 3.0 3.0 3.0 3.0 3.0 4.0 0.0 1.0 2.0 3.0 2.0 3.0 0.0 0.0 1.0
1 6.707614965444924 1.0 0.0 0.0 3.0 2.0 4.0 1.0 4.0 1.0 2.0 3.0 3.0 3.0 3.0 3.0 4.0 0.0 1.0 2.0 3.0 2.0 3.0 0.0 0.0 1.0 6.707614965444924 1.0 0.0 0.0 3.0 2.0 4.0 1.0 4.0 1.0 2.0 3.0 3.0 3.0 3.0 3.0 4.0 0.0 1.0 2.0 3.0 2.0 3.0 0.0 0.0 1.0
1 6.707614965444924 1.0 0.0 0.0 3.0 2.0 4.0 1.0 4.0 1.0 2.0 3.0 3.0 3.0 3.0 3.0 4.0 0.0 1.0 2.0 3.0 2.0 3.0 0.0 0.0 1.0 6.707614965444924 1.0 0.0 0.0 3.0 2.0 4.0 1.0 4.0 1.0 2.0 3.0 3.0 3.0 3.0 3.0 4.0 0.0 1.0 2.0 3.0 2.0 3.0 0.0 0.0 1.0
1 6.707614965444924 1.0 0.0 0.0 3.0 2.0 4.0 1.0 4.0 1.0 2.0 3.0 3.0 3.0 3.0 3.0 4.0 0.0 1.0 2.0 3.0 2.0 3.0 0.0 0.0 1.0 6.707614965444924 1.0 0.0 0.0 3.0 2.0 4.0 1.0 4.0 1.0 2.0 3.0 3.0 3.0 3.0 3.0 4.0 0.0 1.0 2.0 3.0 2.0 3.0 0.0 0.0 1.0
1 6.707614965444924 1.0 0.0 0.0 3.0 2.0 4.0 1.0 4.0 1.0 2.0 3.0 3.0 3.0 3.0 3.0 4.0 0.0 1.0 2.0 3.0 2.0 3.0 0.0 0.0 1.0 6.707614965444924 1.0 0.0 0.0 3.0 2.0 4.0 1.0 4.0 1.0 2.0 3.0 3.0 3.0 3.0 3.0 4.0 0.0 1.0 2.0 3.0 2.0 3.0 0.0 0.0 1.0
1 6.707614965444924 1.0 0.0 0.0 3.0 2.0 4.0 1.0 4.0 1.0 2.0 3.0 3.0 3.0 3.0 3.0 4.0 0.0 1.0 2.0 3.0 2.0 3.0 0.0 0.0 1.0 6.707614965444924 1.0 0.0 0.0 3.0 2.0 4.0 1.0 4.0 1.0 2.0 3.0 3.0 3.0 3.0 3.0 4.0 0.0 1.0 2.0 3.0 2.0 3.0 0.0 0.0 1.0
1 6.707614965444924 1.0 0.0 0.0 3.0 2.0 4.0 1.0 4.0 1.0 2.0 3.0 3.0 3.0 3.0 3.0 4.0 0.0 1.0 2.0 3.0 2.0 3.0 0.0 0.0 1.0 6.707614965444924 1.0 0.0 0.0 3.0 2.0 4.0 1.0 4.0 1.0 2.0 3.0 3.0 3.0 3.0 3.0 4.0 0.0 1.0 2.0 3.0 2.0 3.0 0.0 0.0 1.0
1 6.707614965444924 1.0 0.0 0.0 3.0 2.0 4.0 1.0 4.0 1.0 2.0 3.0 3.0 3.0 3.0 3.0 4.0 0.0 1.0 2.0 3.0 2.0 3.0 0.0 0.0 1.0 6.707614965444924 1.0 0.0 0.0 3.0 2.0 4.0 1.0 4.0 1.0 2.0 3.0 3.0 3.0 3.0 3.0 4.0 0.0 1.0 2.0 3.0 2.0 3.0 0.0 0.0 1.0
1 6.707614965444924 1.0 0.0 0.0 3.0 2.0 4.0 1.0 4.0 1.0 2.0 3.0 3.0 3.0 3.0 3.0 4.0 0.0 1.0 2.0 3.0 2.0 3.0 0.0 0.0 1.0 6.707614965444924 1.0 0.0 0.0 3.0 2.0 4.0 1.0 4.0 1.0 2.0 3.0 3.0 3.0 3.0 3.0 4.0 0.0 1.0 2.0 3.0 2.0 3.0 0.0 0.0 1.0
1 6.707614965444924 1.0 0.0 0.0 3.0 2.0 4.0 1.0 4.0 1.0 2.0 3.0 3.0 3.0 3.0 3.0 4.0 0.0 1.0 2.0 3.0 2.0 3.0 0.0 0.0 1.0 6.707614965444924 1.0 0.0 0.0 3.0 2.0 4.0 1.0 4.0 1.0 2.0 3.0 3.0 3.0 3.0 3.0 4.0 0.0 1.0 2.0 3.0 2.0 3.0 0.0 0.0 1.0
1 6.707614965444924 1.0 0.0 0.0 3.0 2.0 4.0 1.0 4.0 1.0 2.0 3.0 3.0 3.0 3.0 3.0 4.0 0.0 1.0 2.0 3.0 2.0 3.0 0.0 0.0 1.0 6.707614965444924 1.0 0.0 0.0 3.0 2.0 4.0 1.0 4.0 1.0 2.0 3.0 3.0 3.0 3.0 3.0 4.0 0.0 1.0 2.0 3.0 2.0 3.0 0.0 0.0 1.0
1 6.707614965444924 1.0 0.0 0.0 3.0 2.0 4.0 1.0 4.0 1.0 2.0 3.0 3.0 3.0 3.0 3.0 4.0 0.0 1.0 2.0 3.0 2.0 3.0 0.0 0.0 1.0 6.962811228888862 1.0 0.0 0.0 3.0 2.0 4.0 1.0 4.0 1.0 0.0 3.0 3.0 3.0 3.0 3.0 4.0 0.0 1.0 2.0 3.0 1.0 3.0 0.0 0.0 1.0
1 6.962811228888862 1.0 0.0 0.0 3.0 2.0 4.0 1.0 4.0 1.0 0.0 3.0 3.0 3.0 3.0 3.0 4.0 0.0 1.0 2.0 3.0 1.0 3.0 0.0 0.0 1.0 6.97819367099058 0.0 0.0 0.0 0.0 0.0 4.0 1.0 4.0 1.0 2.0 3.0 3.0 3.0 0.0 3.0 4.0 0.0 1.0 2.0 3.0 3.0 3.0 0.0 0.0 1.0
1 6.97819367099058 0.0 0.0 0.0 0.0 0.0 4.0 1.0 4.0 1.0 2.0 3.0 3.0 3.0 0.0 3.0 4.0 0.0 1.0 2.0 3.0 3.0 3.0 0.0 0.0 1.0 6.97819367099058 0.0 0.0 0.0 0.0 0.0 4.0 1.0 4.0 1.0 2.0 3.0 3.0 3.0 0.0 3.0 4.0 0.0 1.0 2.0 3.0 3.0 3.0 0.0 0.0 1.0
1 6.97819367099058 0.0 0.0 0.0 0.0 0.0 4.0 1.0 4.0 1.0 2.0 3.0 3.0 3.0 0.0 3.0 4.0 0.0 1.0 2.0 3.0 3.0 3.0 0.0 0.0 1.0 6.97819367099058 0.0 0.0 0.0 0.0 0.0 4.0 1.0 4.0 1.0 2.0 3.0 3.0 3.0 0.0 3.0 4.0 0.0 1.0 2.0 3.0 3.0 3.0 0.0 0.0 1.0
1 6.97819367099058 0.0 0.0 0.0 0.0 0.0 4.0 1.0 4.0 1.0 2.0 3.0 3.0 3.0 0.0 3.0 4.0 0.0 1.0 2.0 3.0 3.0 3.0 0.0 0.0 1.0 6.97819367099058 0.0 0.0 0.0 0.0 0.0 4.0 1.0 4.0 1.0 2.0 3.0 3.0 3.0 0.0 3.0 4.0 0.0 1.0 2.0 3.0 3.0 3.0 0.0 0.0 1.0
1 6.97819367099058 0.0 0.0 0.0 0.0 0.0 4.0 1.0 4.0 1.0 2.0 3.0 3.0 3.0 0.0 3.0 4.0 0.0 1.0 2.0 3.0 3.0 3.0 0.0 0.0 1.0 6.97819367099058 0.0 0.0 0.0 0.0 0.0 4.0 1.0 4.0 1.0 2.0 3.0 3.0 3.0 0.0 3.0 4.0 0.0 1.0 2.0 3.0 3.0 3.0 0.0 0.0 1.0
1 6.97819367099058 0.0 0.0 0.0 0.0 0.0 4.0 1.0 4.0 1.0 2.0 3.0 3.0 3.0 0.0 3.0 4.0 0.0 1.0 2.0 3.0 3.0 3.0 0.0 0.0 1.0 6.97819367099058 0.0 0.0 0.0 0.0 0.0 4.0 1.0 4.0 1.0 2.0 3.0 3.0 3.0 0.0 3.0 4.0 0.0 1.0 2.0 3.0 3.0 3.0 0.0 0.0 1.0
1 6.97819367099058 0.0 0.0 0.0 0.0 0.0 4.0 1.0 4.0 1.0 2.0 3.0 3.0 3.0 0.0 3.0 4.0 0.0 1.0 2.0 3.0 3.0 3.0 0.0 0.0 1.0 6.97819367099058 0.0 0.0 0.0 0.0 0.0 4.0 1.0 4.0 1.0 2.0 3.0 3.0 3.0 0.0 3.0 4.0 0.0 1.0 2.0 3.0 3.0 3.0 0.0 0.0 1.0
1 6.97819367099058 0.0 0.0 0.0 0.0 0.0 4.0 1.0 4.0 1.0 2.0 3.0 3.0 3.0 0.0 3.0 4.0 0.0 1.0 2.0 3.0 3.0 3.0 0.0 0.0 1.0 6.97819367099058 0.0 0.0 0.0 0.0 0.0 4.0 1.0 4.0 1.0 2.0 3.0 3.0 3.0 0.0 3.0 4.0 0.0 1.0 2.0 3.0 3.0 3.0 0.0 0.0 1.0
1 6.97819367099058 0.0 0.0 0.0 0.0 0.0 4.0 1.0 4.0 1.0 2.0 3.0 3.0 3.0 0.0 3.0 4.0 0.0 1.0 2.0 3.0 3.0 3.0 0.0 0.0 1.0 7.366333062468336 1.0 0.0 0.0 3.0 2.0 4.0 4.0 4.0 1.0 0.0 3.0 3.0 3.0 3.0 1.0 4.0 0.0 1.0 2.0 3.0 1.0 3.0 0.0 0.0 1.0
1 7.366333062468336 1.0 0.0 0.0 3.0 2.0 4.0 4.0 4.0 1.0 0.0 3.0 3.0 3.0 3.0 1.0 4.0 0.0 1.0 2.0 3.0 1.0 3.0 0.0 0.0 1.0 7.366333062468336 1.0 0.0 0.0 3.0 2.0 4.0 4.0 4.0 1.0 0.0 3.0 3.0 3.0 3.0 1.0 4.0 0.0 1.0 2.0 3.0 1.0 3.0 0.0 0.0 1.0
1 7.366333062468336 1.0 0.0 0.0 3.0 2.0 4.0 4.0 4.0 1.0 0.0 3.0 3.0 3.0 3.0 1.0 4.0 0.0 1.0 2.0 3.0 1.0 3.0 0.0 0.0 1.0 7.366333062468336 1.0 0.0 0.0 3.0 2.0 4.0 4.0 4.0 1.0 0.0 3.0 3.0 3.0 3.0 1.0 4.0 0.0 1.0 2.0 3.0 1.0 3.0 0.0 0.0 1.0
1 7.366333062468336 1.0 0.0 0.0 3.0 2.0 4.0 4.0 4.0 1.0 0.0 3.0 3.0 3.0 3.0 1.0 4.0 0.0 1.0 2.0 3.0 1.0 3.0 0.0 0.0 1.0 7.366333062468336 1.0 0.0 0.0 3.0 2.0 4.0 4.0 4.0 1.0 0.0 3.0 3.0 3.0 3.0 1.0 4.0 0.0 1.0 2.0 3.0 1.0 3.0 0.0 0.0 1.0
1 7.366333062468336 1.0 0.0 0.0 3.0 2.0 4.0 4.0 4.0 1.0 0.0 3.0 3.0 3.0 3.0 1.0 4.0 0.0 1.0 2.0 3.0 1.0 3.0 0.0 0.0 1.0 7.366333062468336 1.0 0.0 0.0 3.0 2.0 4.0 4.0 4.0 1.0 0.0 3.0 3.0 3.0 3.0 1.0 4.0 0.0 1.0 2.0 3.0 1.0 3.0 0.0 0.0 1.0
1 7.366333062468336 1.0 0.0 0.0 3.0 2.0 4.0 4.0 4.0 1.0 0.0 3.0 3.0 3.0 3.0 1.0 4.0 0.0 1.0 2.0 3.0 1.0 3.0 0.0 0.0 1.0 7.366333062468336 1.0 0.0 0.0 3.0 2.0 4.0 4.0 4.0 1.0 0.0 3.0 3.0 3.0 3.0 1.0 4.0 0.0 1.0 2.0 3.0 1.0 3.0 0.0 0.0 1.0
1 7.366333062468336 1.0 0.0 0.0 3.0 2.0 4.0 4.0 4.0 1.0 0.0 3.0 3.0 3.0 3.0 1.0 4.0 0.0 1.0 2.0 3.0 1.0 3.0 0.0 0.0 1.0 7.366333062468336 1.0 0.0 0.0 3.0 2.0 4.0 4.0 4.0 1.0 0.0 3.0 3.0 3.0 3.0 1.0 4.0 0.0 1.0 2.0 3.0 1.0 3.0 0.0 0.0 1.0
1 7.366333062468336 1.0 0.0 0.0 3.0 2.0 4.0 4.0 4.0 1.0 0.0 3.0 3.0 3.0 3.0 1.0 4.0 0.0 1.0 2.0 3.0 1.0 3.0 0.0 0.0 1.0 7.366333062468336 1.0 0.0 0.0 3.0 2.0 4.0 4.0 4.0 1.0 0.0 3.0 3.0 3.0 3.0 1.0 4.0 0.0 1.0 2.0 3.0 1.0 3.0 0.0 0.0 1.0
1 7.366333062468336 1.0 0.0 0.0 3.0 2.0 4.0 4.0 4.0 1.0 0.0 3.0 3.0 3.0 3.0 1.0 4.0 0.0 1.0 2.0 3.0 1.0 3.0 0.0 0.0 1.0 7.366333062468336 1.0 0.0 0.0 3.0 2.0 4.0 4.0 4.0 1.0 0.0 3.0 3.0 3.0 3.0 1.0 4.0 0.0 1.0 2.0 3.0 1.0 3.0 0.0 0.0 1.0
1 7.366333062468336 1.0 0.0 0.0 3.0 2.0 4.0 4.0 4.0 1.0 0.0 3.0 3.0 3.0 3.0 1.0 4.0 0.0 1.0 2.0 3.0 1.0 3.0 0.0 0.0 1.0 7.366333062468336 1.0 0.0 0.0 3.0 2.0 4.0 4.0 4.0 1.0 0.0 3.0 3.0 3.0 3.0 1.0 4.0 0.0 1.0 2.0 3.0 1.0 3.0 0.0 0.0 1.0
1 7.366333062468336 1.0 0.0 0.0 3.0 2.0 4.0 4.0 4.0 1.0 0.0 3.0 3.0 3.0 3.0 1.0 4.0 0.0 1.0 2.0 3.0 1.0 3.0 0.0 0.0 1.0 7.366333062468336 1.0 0.0 0.0 3.0 2.0 4.0 4.0 4.0 1.0 0.0 3.0 3.0 3.0 3.0 1.0 4.0 0.0 1.0 2.0 3.0 1.0 3.0 0.0 0.0 1.0
1 7.366333062468336 1.0 0.0 0.0 3.0 2.0 4.0 4.0 4.0 1.0 0.0 3.0 3.0 3.0 3.0 1.0 4.0 0.0 1.0 2.0 3.0 1.0 3.0 0.0 0.0 1.0 7.366333062468336 1.0 0.0 0.0 3.0 2.0 4.0 4.0 4.0 1.0 0.0 3.0 3.0 3.0 3.0 1.0 4.0 0.0 1.0 2.0 3.0 1.0 3.0 0.0 0.0 1.0
1 7.366333062468336 1.0 0.0 0.0 3.0 2.0 4.0 4.0 4.0 1.0 0.0 3.0 3.0 3.0 3.0 1.0 4.0 0.0 1.0 2.0 3.0 1.0 3.0 0.0 0.0 1.0 7.366333062468336 1.0 0.0 0.0 3.0 2.0 4.0 4.0 4.0 1.0 0.0 3.0 3.0 3.0 3.0 1.0 4.0 0.0 1.0 2.0 3.0 1.0 3.0 0.0 0.0 1.0
1 7.366333062468336 1.0 0.0 0.0 3.0 2.0 4.0 4.0 4.0 1.0 0.0 3.0 3.0 3.0 3.0 1.0 4.0 0.0 1.0 2.0 3.0 1.0 3.0 0.0 0.0 1.0 7.366333062468336 1.0 0.0 0.0 3.0 2.0 4.0 4.0 4.0 1.0 0.0 3.0 3.0 3.0 3.0 1.0 4.0 0.0 1.0 2.0 3.0 1.0 3.0 0.0 0.0 1.0
1 7.366333062468336 1.0 0.0 0.0 3.0 2.0 4.0 4.0 4.0 1.0 0.0 3.0 3.0 3.0 3.0 1.0 4.0 0.0 1.0 2.0 3.0 1.0 3.0 0.0 0.0 1.0 7.366333062468336 1.0 0.0 0.0 3.0 2.0 4.0 4.0 4.0 1.0 0.0 3.0 3.0 3.0 3.0 1.0 4.0 0.0 1.0 2.0 3.0 1.0 3.0 0.0 0.0 1.0
1 7.366333062468336 1.0 0.0 0.0 3.0 2.0 4.0 4.0 4.0 1.0 0.0 3.0 3.0 3.0 3.0 1.0 4.0 0.0 1.0 2.0 3.0 1.0 3.0 0.0 0.0 1.0 7.643352867690083 1.0 0.0 0.0 0.0 0.0 4.0 1.0 4.0 1.0 2.0 3.0 3.0 3.0 0.0 3.0 4.0 0.0 1.0 2.0 3.0 3.0 3.0 0.0 0.0 1.0
1 7.643352867690083 1.0 0.0 0.0 0.0 0.0 4.0 1.0 4.0 1.0 2.0 3.0 3.0 3.0 0.0 3.0 4.0 0.0 1.0 2.0 3.0 3.0 3.0 0.0 0.0 1.0 7.643352867690083 1.0 0.0 0.0 0.0 0.0 4.0 1.0 4.0 1.0 2.0 3.0 3.0 3.0 0.0 3.0 4.0 0.0 1.0 2.0 3.0 3.0 3.0 0.0 0.0 1.0
1 7.643352867690083 1.0 0.0 0.0 0.0 0.0 4.0 1.0 4.0 1.0 2.0 3.0 3.0 3.0 0.0 3.0 4.0 0.0 1.0 2.0 3.0 3.0 3.0 0.0 0.0 1.0 7.643352867690083 1.0 0.0 0.0 0.0 0.0 4.0 1.0 4.0 1.0 2.0 3.0 3.0 3.0 0.0 3.0 4.0 0.0 1.0 2.0 3.0 3.0 3.0 0.0 0.0 1.0
1 7.643352867690083 1.0 0.0 0.0 0.0 0.0 4.0 1.0 4.0 1.0 2.0 3.0 3.0 3.0 0.0 3.0 4.0 0.0 1.0 2.0 3.0 3.0 3.0 0.0 0.0 1.0 7.643352867690083 1.0 0.0 0.0 0.0 0.0 4.0 1.0 4.0 1.0 2.0 3.0 3.0 3.0 0.0 3.0 4.0 0.0 1.0 2.0 3.0 3.0 3.0 0.0 0.0 1.0
1 7.643352867690083 1.0 0.0 0.0 0.0 0.0 4.0 1.0 4.0 1.0 2.0 3.0 3.0 3.0 0.0 3.0 4.0 0.0 1.0 2.0 3.0 3.0 3.0 0.0 0.0 1.0 7.643352867690083 1.0 0.0 0.0 0.0 0.0 4.0 1.0 4.0 1.0 2.0 3.0 3.0 3.0 0.0 3.0 4.0 0.0 1.0 2.0 3.0 3.0 3.0 0.0 0.0 1.0
1 7.643352867690083 1.0 0.0 0.0 0.0 0.0 4.0 1.0 4.0 1.0 2.0 3.0 3.0 3.0 0.0 3.0 4.0 0.0 1.0 2.0 3.0 3.0 3.0 0.0 0.0 1.0 7.643352867690083 1.0 0.0 0.0 0.0 0.0 4.0 1.0 4.0 1.0 2.0 3.0 3.0 3.0 0.0 3.0 4.0 0.0 1.0 2.0 3.0 3.0 3.0 0.0 0.0 1.0
1 7.643352867690083 1.0 0.0 0.0 0.0 0.0 4.0 1.0 4.0 1.0 2.0 3.0 3.0 3.0 0.0 3.0 4.0 0.0 1.0 2.0 3.0 3.0 3.0 0.0 0.0 1.0 7.643352867690083 1.0 0.0 0.0 0.0 0.0 4.0 1.0 4.0 1.0 2.0 3.0 3.0 3.0 0.0 3.0 4.0 0.0 1.0 2.0 3.0 3.0 3.0 0.0 0.0 1.0
1 7.643352867690083 1.0 0.0 0.0 0.0 0.0 4.0 1.0 4.0 1.0 2.0 3.0 3.0 3.0 0.0 3.0 4.0 0.0 1.0 2.0 3.0 3.0 3.0 0.0 0.0 1.0 7.741016691889714 1.0 0.0 0.0 0.0 0.0 4.0 1.0 4.0 1.0 2.0 3.0 3.0 3.0 0.0 1.0 4.0 0.0 1.0 2.0 3.0 3.0 3.0 0.0 0.0 1.0
1 7.741016691889714 1.0 0.0 0.0 0.0 0.0 4.0 1.0 4.0 1.0 2.0 3.0 3.0 3.0 0.0 1.0 4.0 0.0 1.0 2.0 3.0 3.0 3.0 0.0 0.0 1.0 7.741016691889714 1.0 0.0 0.0 0.0 0.0 4.0 1.0 4.0 1.0 2.0 3.0 3.0 3.0 0.0 1.0 4.0 0.0 1.0 2.0 3.0 3.0 3.0 0.0 0.0 1.0
1 7.741016691889714 1.0 0.0 0.0 0.0 0.0 4.0 1.0 4.0 1.0 2.0 3.0 3.0 3.0 0.0 1.0 4.0 0.0 1.0 2.0 3.0 3.0 3.0 0.0 0.0 1.0 7.741016691889714 1.0 0.0 0.0 0.0 0.0 4.0 1.0 4.0 1.0 2.0 3.0 3.0 3.0 0.0 1.0 4.0 0.0 1.0 2.0 3.0 3.0 3.0 0.0 0.0 1.0
1 7.741016691889714 1.0 0.0 0.0 0.0 0.0 4.0 1.0 4.0 1.0 2.0 3.0 3.0 3.0 0.0 1.0 4.0 0.0 1.0 2.0 3.0 3.0 3.0 0.0 0.0 1.0 7.741016691889714 1.0 0.0 0.0 0.0 0.0 4.0 1.0 4.0 1.0 2.0 3.0 3.0 3.0 0.0 1.0 4.0 0.0 1.0 2.0 3.0 3.0 3.0 0.0 0.0 1.0
1 7.741016691889714 1.0 0.0 0.0 0.0 0.0 4.0 1.0 4.0 1.0 2.0 3.0 3.0 3.0 0.0 1.0 4.0 0.0 1.0 2.0 3.0 3.0 3.0 0.0 0.0 1.0 7.741016691889714 1.0 0.0 0.0 0.0 0.0 4.0 1.0 4.0 1.0 2.0 3.0 3.0 3.0 0.0 1.0 4.0 0.0 1.0 2.0 3.0 3.0 3.0 0.0 0.0 1.0
1 7.741016691889714 1.0 0.0 0.0 0.0 0.0 4.0 1.0 4.0 1.0 2.0 3.0 3.0 3.0 0.0 1.0 4.0 0.0 1.0 2.0 3.0 3.0 3.0 0.0 0.0 1.0 7.741016691889714 1.0 0.0 0.0 0.0 0.0 4.0 1.0 4.0 1.0 2.0 3.0 3.0 3.0 0.0 1.0 4.0 0.0 1.0 2.0 3.0 3.0 3.0 0.0 0.0 1.0
1 7.741016691889714 1.0 0.0 0.0 0.0 0.0 4.0 1.0 4.0 1.0 2.0 3.0 3.0 3.0 0.0 1.0 4.0 0.0 1.0 2.0 3.0 3.0 3.0 0.0 0.0 1.0 7.795749924330829 1.0 0.0 0.0 0.0 0.0 4.0 1.0 4.0 1.0 3.0 3.0 3.0 3.0 2.0 3.0 4.0 0.0 1.0 2.0 3.0 3.0 3.0 0.0 0.0 1.0
1 7.795749924330829 1.0 0.0 0.0 0.0 0.0 4.0 1.0 4.0 1.0 3.0 3.0 3.0 3.0 2.0 3.0 4.0 0.0 1.0 2.0 3.0 3.0 3.0 0.0 0.0 1.0 7.795749924330829 1.0 0.0 0.0 0.0 0.0 4.0 1.0 4.0 1.0 3.0 3.0 3.0 3.0 2.0 3.0 4.0 0.0 1.0 2.0 3.0 3.0 3.0 0.0 0.0 1.0
1 7.795749924330829 1.0 0.0 0.0 0.0 0.0 4.0 1.0 4.0 1.0 3.0 3.0 3.0 3.0 2.0 3.0 4.0 0.0 1.0 2.0 3.0 3.0 3.0 0.0 0.0 1.0 7.795749924330829 1.0 0.0 0.0 0.0 0.0 4.0 1.0 4.0 1.0 3.0 3.0 3.0 3.0 2.0 3.0 4.0 0.0 1.0 2.0 3.0 3.0 3.0 0.0 0.0 1.0
1 7.795749924330829 1.0 0.0 0.0 0.0 0.0 4.0 1.0 4.0 1.0 3.0 3.0 3.0 3.0 2.0 3.0 4.0 0.0 1.0 2.0 3.0 3.0 3.0 0.0 0.0 1.0 7.795749924330829 1.0 0.0 0.0 0.0 0.0 4.0 1.0 4.0 1.0 3.0 3.0 3.0 3.0 2.0 3.0 4.0 0.0 1.0 2.0 3.0 3.0 3.0 0.0 0.0 1.0
1 7.795749924330829 1.0 0.0 0.0 0.0 0.0 4.0 1.0 4.0 1.0 3.0 3.0 3.0 3.0 2.0 3.0 4.0 0.0 1.0 2.0 3.0 3.0 3.0 0.0 0.0 1.0 7.795749924330829 1.0 0.0 0.0 0.0 0.0 4.0 1.0 4.0 1.0 3.0 3.0 3.0 3.0 2.0 3.0 4.0 0.0 1.0 2.0 3.0 3.0 3.0 0.0 0.0 1.0
1 7.795749924330829 1.0 0.0 0.0 0.0 0.0 4.0 1.0 4.0 1.0 3.0 3.0 3.0 3.0 2.0 3.0 4.0 0.0 1.0 2.0 3.0 3.0 3.0 0.0 0.0 1.0 7.795749924330829 1.0 0.0 0.0 0.0 0.0 4.0 1.0 4.0 1.0 3.0 3.0 3.0 3.0 2.0 3.0 4.0 0.0 1.0 2.0 3.0 3.0 3.0 0.0 0.0 1.0
1 7.795749924330829 1.0 0.0 0.0 0.0 0.0 4.0 1.0 4.0 1.0 3.0 3.0 3.0 3.0 2.0 3.0 4.0 0.0 1.0 2.0 3.0 3.0 3.0 0.0 0.0 1.0 7.795749924330829 1.0 0.0 0.0 0.0 0.0 4.0 1.0 4.0 1.0 3.0 3.0 3.0 3.0 2.0 3.0 4.0 0.0 1.0 2.0 3.0 3.0 3.0 0.0 0.0 1.0
1 7.795749924330829 1.0 0.0 0.0 0.0 0.0 4.0 1.0 4.0 1.0 3.0 3.0 3.0 3.0 2.0 3.0 4.0 0.0 1.0 2.0 3.0 3.0 3.0 0.0 0.0 1.0 7.795749924330829 1.0 0.0 0.0 0.0 0.0 4.0 1.0 4.0 1.0 3.0 3.0 3.0 3.0 2.0 3.0 4.0 0.0 1.0 2.0 3.0 3.0 3.0 0.0 0.0 1.0
1 7.795749924330829 1.0 0.0 0.0 0.0 0.0 4.0 1.0 4.0 1.0 3.0 3.0 3.0 3.0 2.0 3.0 4.0 0.0 1.0 2.0 3.0 3.0 3.0 0.0 0.0 1.0 7.795749924330829 1.0 0.0 0.0 0.0 0.0 4.0 1.0 4.0 1.0 3.0 3.0 3.0 3.0 2.0 3.0 4.0 0.0 1.0 2.0 3.0 3.0 3.0 0.0 0.0 1.0
1 7.795749924330829 1.0 0.0 0.0 0.0 0.0 4.0 1.0 4.0 1.0 3.0 3.0 3.0 3.0 2.0 3.0 4.0 0.0 1.0 2.0 3.0 3.0 3.0 0.0 0.0 1.0 7.795749924330829 1.0 0.0 0.0 0.0 0.0 4.0 1.0 4.0 1.0 3.0 3.0 3.0 3.0 2.0 3.0 4.0 0.0 1.0 2.0 3.0 3.0 3.0 0.0 0.0 1.0
1 7.795749924330829 1.0 0.0 0.0 0.0 0.0 4.0 1.0 4.0 1.0 3.0 3.0 3.0 3.0 2.0 3.0 4.0 0.0 1.0 2.0 3.0 3.0 3.0 0.0 0.0 1.0 8.050490178994849 1.0 0.0 0.0 0.0 0.0 4.0 1.0 4.0 3.0 3.0 3.0 3.0 3.0 3.0 3.0 4.0 0.0 1.0 2.0 3.0 3.0 3.0 0.0 0.0 1.0
1 8.050490178994849 1.0 0.0 0.0 0.0 0.0 4.0 1.0 4.0 3.0 3.0 3.0 3.0 3.0 3.0 3.0 4.0 0.0 1.0 2.0 3.0 3.0 3.0 0.0 0.0 1.0 8.050490178994849 1.0 0.0 0.0 0.0 0.0 4.0 1.0 4.0 3.0 3.0 3.0 3.0 3.0 3.0 3.0 4.0 0.0 1.0 2.0 3.0 3.0 3.0 0.0 0.0 1.0
1 8.050490178994849 1.0 0.0 0.0 0.0 0.0 4.0 1.0 4.0 3.0 3.0 3.0 3.0 3.0 3.0 3.0 4.0 0.0 1.0 2.0 3.0 3.0 3.0 0.0 0.0 1.0 8.050490178994849 1.0 0.0 0.0 0.0 0.0 4.0 1.0 4.0 3.0 3.0 3.0 3.0 3.0 3.0 3.0 4.0 0.0 1.0 2.0 3.0 3.0 3.0 0.0 0.0 1.0
1 8.050490178994849 1.0 0.0 0.0 0.0 0.0 4.0 1.0 4.0 3.0 3.0 3.0 3.0 3.0 3.0 3.0 4.0 0.0 1.0 2.0 3.0 3.0 3.0 0.0 0.0 1.0 8.050490178994849 1.0 0.0 0.0 0.0 0.0 4.0 1.0 4.0 3.0 3.0 3.0 3.0 3.0 3.0 3.0 4.0 0.0 1.0 2.0 3.0 3.0 3.0 0.0 0.0 1.0
1 8.050490178994849 1.0 0.0 0.0 0.0 0.0 4.0 1.0 4.0 3.0 3.0 3.0 3.0 3.0 3.0 3.0 4.0 0.0 1.0 2.0 3.0 3.0 3.0 0.0 0.0 1.0 8.050490178994849 1.0 0.0 0.0 0.0 0.0 4.0 1.0 4.0 3.0 3.0 3.0 3.0 3.0 3.0 3.0 4.0 0.0 1.0 2.0 3.0 3.0 3.0 0.0 0.0 1.0
1 8.050490178994849 1.0 0.0 0.0 0.0 0.0 4.0 1.0 4.0 3.0 3.0 3.0 3.0 3.0 3.0 3.0 4.0 0.0 1.0 2.0 3.0 3.0 3.0 0.0 0.0 1.0 8.050490178994849 1.0 0.0 0.0 0.0 0.0 4.0 1.0 4.0 3.0 3.0 3.0 3.0 3.0 3.0 3.0 4.0 0.0 1.0 2.0 3.0 3.0 3.0 0.0 0.0 1.0
1 8.050490178994849 1.0 0.0 0.0 0.0 0.0 4.0 1.0 4.0 3.0 3.0 3.0 3.0 3.0 3.0 3.0 4.0 0.0 1.0 2.0 3.0 3.0 3.0 0.0 0.0 1.0 8.050490178994849 1.0 0.0 0.0 0.0 0.0 4.0 1.0 4.0 3.0 3.0 3.0 3.0 3.0 3.0 3.0 4.0 0.0 1.0 2.0 3.0 3.0 3.0 0.0 0.0 1.0
1 8.050490178994849 1.0 0.0 0.0 0.0 0.0 4.0 1.0 4.0 3.0 3.0 3.0 3.0 3.0 3.0 3.0 4.0 0.0 1.0 2.0 3.0 3.0 3.0 0.0 0.0 1.0 8.147683920964235 4.0 0.0 0.0 0.0 0.0 4.0 1.0 4.0 1.0 3.0 3.0 3.0 3.0 0.0 1.0 4.0 0.0 1.0 2.0 3.0 3.0 3.0 0.0 0.0 1.0
1 8.147683920964235 4.0 0.0 0.0 0.0 0.0 4.0 1.0 4.0 1.0 3.0 3.0 3.0 3.0 0.0 1.0 4.0 0.0 1.0 2.0 3.0 3.0 3.0 0.0 0.0 1.0 8.147683920964235 4.0 0.0 0.0 0.0 0.0 4.0 1.0 4.0 1.0 3.0 3.0 3.0 3.0 0.0 1.0 4.0 0.0 1.0 2.0 3.0 3.0 3.0 0.0 0.0 1.0
1 8.147683920964235 4.0 0.0 0.0 0.0 0.0 4.0 1.0 4.0 1.0 3.0 3.0 3.0 3.0 0.0 1.0 4.0 0.0 1.0 2.0 3.0 3.0 3.0 0.0 0.0 1.0 8.147683920964235 4.0 0.0 0.0 0.0 0.0 4.0 1.0 4.0 1.0 3.0 3.0 3.0 3.0 0.0 1.0 4.0 0.0 1.0 2.0 3.0 3.0 3.0 0.0 0.0 1.0
1 8.147683920964235 4.0 0.0 0.0 0.0 0.0 4.0 1.0 4.0 1.0 3.0 3.0 3.0 3.0 0.0 1.0 4.0 0.0 1.0 2.0 3.0 3.0 3.0 0.0 0.0 1.0 8.147683920964235 4.0 0.0 0.0 0.0 0.0 4.0 1.0 4.0 1.0 3.0 3.0 3.0 3.0 0.0 1.0 4.0 0.0 1.0 2.0 3.0 3.0 3.0 0.0 0.0 1.0
1 8.147683920964235 4.0 0.0 0.0 0.0 0.0 4.0 1.0 4.0 1.0 3.0 3.0 3.0 3.0 0.0 1.0 4.0 0.0 1.0 2.0 3.0 3.0 3.0 0.0 0.0 1.0 8.147683920964235 4.0 0.0 0.0 0.0 0.0 4.0 1.0 4.0 1.0 3.0 3.0 3.0 3.0 0.0 1.0 4.0 0.0 1.0 2.0 3.0 3.0 3.0 0.0 0.0 1.0
1 8.147683920964235 4.0 0.0 0.0 0.0 0.0 4.0 1.0 4.0 1.0 3.0 3.0 3.0 3.0 0.0 1.0 4.0 0.0 1.0 2.0 3.0 3.0 3.0 0.0 0.0 1.0 8.270716975485914 4.0 0.0 0.0 0.0 0.0 4.0 1.0 4.0 1.0 1.0 3.0 3.0 3.0 3.0 1.0 4.0 0.0 1.0 2.0 3.0 3.0 3.0 0.0 0.0 1.0
1 8.270716975485914 4.0 0.0 0.0 0.0 0.0 4.0 1.0 4.0 1.0 1.0 3.0 3.0 3.0 3.0 1.0 4.0 0.0 1.0 2.0 3.0 3.0 3.0 0.0 0.0 1.0 8.270716975485914 4.0 0.0 0.0 0.0 0.0 4.0 1.0 4.0 1.0 1.0 3.0 3.0 3.0 3.0 1.0 4.0 0.0 1.0 2.0 3.0 3.0 3.0 0.0 0.0 1.0
1 8.270716975485914 4.0 0.0 0.0 0.0 0.0 4.0 1.0 4.0 1.0 1.0 3.0 3.0 3.0 3.0 1.0 4.0 0.0 1.0 2.0 3.0 3.0 3.0 0.0 0.0 1.0 8.270716975485914 4.0 0.0 0.0 0.0 0.0 4.0 1.0 4.0 1.0 1.0 3.0 3.0 3.0 3.0 1.0 4.0 0.0 1.0 2.0 3.0 3.0 3.0 0.0 0.0 1.0
1 8.270716975485914 4.0 0.0 0.0 0.0 0.0 4.0 1.0 4.0 1.0 1.0 3.0 3.0 3.0 3.0 1.0 4.0 0.0 1.0 2.0 3.0 3.0 3.0 0.0 0.0 1.0 8.270716975485914 4.0 0.0 0.0 0.0 0.0 4.0 1.0 4.0 1.0 1.0 3.0 3.0 3.0 3.0 1.0 4.0 0.0 1.0 2.0 3.0 3.0 3.0 0.0 0.0 1.0
1 8.270716975485914 4.0 0.0 0.0 0.0 0.0 4.0 1.0 4.0 1.0 1.0 3.0 3.0 3.0 3.0 1.0 4.0 0.0 1.0 2.0 3.0 3.0 3.0 0.0 0.0 1.0 8.270716975485914 4.0 0.0 0.0 0.0 0.0 4.0 1.0 4.0 1.0 1.0 3.0 3.0 3.0 3.0 1.0 4.0 0.0 1.0 2.0 3.0 3.0 3.0 0.0 0.0 1.0
1 8.270716975485914 4.0 0.0 0.0 0.0 0.0 4.0 1.0 4.0 1.0 1.0 3.0 3.0 3.0 3.0 1.0 4.0 0.0 1.0 2.0 3.0 3.0 3.0 0.0 0.0 1.0 8.270716975485914 4.0 0.0 0.0 0.0 0.0 4.0 1.0 4.0 1.0 1.0 3.0 3.0 3.0 3.0 1.0 4.0 0.0 1.0 2.0 3.0 3.0 3.0 0.0 0.0 1.0
1 8.270716975485914 4.0 0.0 0.0 0.0 0.0 4.0 1.0 4.0 1.0 1.0 3.0 3.0 3.0 3.0 1.0 4.0 0.0 1.0 2.0 3.0 3.0 3.0 0.0 0.0 1.0 8.270716975485914 4.0 0.0 0.0 0.0 0.0 4.0 1.0 4.0 1.0 1.0 3.0 3.0 3.0 3.0 1.0 4.0 0.0 1.0 2.0 3.0 3.0 3.0 0.0 0.0 1.0
1 8.270716975485914 4.0 0.0 0.0 0.0 0.0 4.0 1.0 4.0 1.0 1.0 3.0 3.0 3.0 3.0 1.0 4.0 0.0 1.0 2.0 3.0 3.0 3.0 0.0 0.0 1.0 8.270716975485914 4.0 0.0 0.0 0.0 0.0 4.0 1.0 4.0 1.0 1.0 3.0 3.0 3.0 3.0 1.0 4.0 0.0 1.0 2.0 3.0 3.0 3.0 0.0 0.0 1.0
1 8.270716975485914 4.0 0.0 0.0 0.0 0.0 4.0 1.0 4.0 1.0 1.0 3.0 3.0 3.0 3.0 1.0 4.0 0.0 1.0 2.0 3.0 3.0 3.0 0.0 0.0 1.0 8.270716975485914 4.0 0.0 0.0 0.0 0.0 4.0 1.0 4.0 1.0 1.0 3.0 3.0 3.0 3.0 1.0 4.0 0.0 1.0 2.0 3.0 3.0 3.0 0.0 0.0 1.0
1 8.270716975485914 4.0 0.0 0.0 0.0 0.0 4.0 1.0 4.0 1.0 1.0 3.0 3.0 3.0 3.0 1.0 4.0 0.0 1.0 2.0 3.0 3.0 3.0 0.0 0.0 1.0 8.946579505578342 4.0 0.0 0.0 0.0 0.0 4.0 1.0 4.0 1.0 3.0 3.0 3.0 3.0 3.0 1.0 4.0 0.0 1.0 2.0 3.0 3.0 3.0 0.0 0.0 1.0
1 8.946579505578342 4.0 0.0 0.0 0.0 0.0 4.0 1.0 4.0 1.0 3.0 3.0 3.0 3.0 3.0 1.0 4.0 0.0 1.0 2.0 3.0 3.0 3.0 0.0 0.0 1.0 8.946579505578342 4.0 0.0 0.0 0.0 0.0 4.0 1.0 4.0 1.0 3.0 3.0 3.0 3.0 3.0 1.0 4.0 0.0 1.0 2.0 3.0 3.0 3.0 0.0 0.0 1.0
1 8.946579505578342 4.0 0.0 0.0 0.0 0.0 4.0 1.0 4.0 1.0 3.0 3.0 3.0 3.0 3.0 1.0 4.0 0.0 1.0 2.0 3.0 3.0 3.0 0.0 0.0 1.0 8.946579505578342 4.0 0.0 0.0 0.0 0.0 4.0 1.0 4.0 1.0 3.0 3.0 3.0 3.0 3.0 1.0 4.0 0.0 1.0 2.0 3.0 3.0 3.0 0.0 0.0 1.0
1 8.946579505578342 4.0 0.0 0.0 0.0 0.0 4.0 1.0 4.0 1.0 3.0 3.0 3.0 3.0 3.0 1.0 4.0 0.0 1.0 2.0 3.0 3.0 3.0 0.0 0.0 1.0 8.946579505578342 4.0 0.0 0.0 0.0 0.0 4.0 1.0 4.0 1.0 3.0 3.0 3.0 3.0 3.0 1.0 4.0 0.0 1.0 2.0 3.0 3.0 3.0 0.0 0.0 1.0
1 8.946579505578342 4.0 0.0 0.0 0.0 0.0 4.0 1.0 4.0 1.0 3.0 3.0 3.0 3.0 3.0 1.0 4.0 0.0 1.0 2.0 3.0 3.0 3.0 0.0 0.0 1.0 8.946579505578342 4.0 0.0 0.0 0.0 0.0 4.0 1.0 4.0 1.0 3.0 3.0 3.0 3.0 3.0 1.0 4.0 0.0 1.0 2.0 3.0 3.0 3.0 0.0 0.0 1.0
1 8.946579505578342 4.0 0.0 0.0 0.0 0.0 4.0 1.0 4.0 1.0 3.0 3.0 3.0 3.0 3.0 1.0 4.0 0.0 1.0 2.0 3.0 3.0 3.0 0.0 0.0 1.0 8.946579505578342 4.0 0.0 0.0 0.0 0.0 4.0 1.0 4.0 1.0 3.0 3.0 3.0 3.0 3.0 1.0 4.0 0.0 1.0 2.0 3.0 3.0 3.0 0.0 0.0 1.0
1 8.946579505578342 4.0 0.0 0.0 0.0 0.0 4.0 1.0 4.0 1.0 3.0 3.0 3.0 3.0 3.0 1.0 4.0 0.0 1.0 2.0 3.0 3.0 3.0 0.0 0.0 1.0 8.946579505578342 4.0 0.0 0.0 0.0 0.0 4.0 1.0 4.0 1.0 3.0 3.0 3.0 3.0 3.0 1.0 4.0 0.0 1.0 2.0 3.0 3.0 3.0 0.0 0.0 1.0
1 8.946579505578342 4.0 0.0 0.0 0.0 0.0 4.0 1.0 4.0 1.0 3.0 3.0 3.0 3.0 3.0 1.0 4.0 0.0 1.0 2.0 3.0 3.0 3.0 0.0 0.0 1.0 8.946579505578342 4.0 0.0 0.0 0.0 0.0 4.0 1.0 4.0 1.0 3.0 3.0 3.0 3.0 3.0 1.0 4.0 0.0 1.0 2.0 3.0 3.0 3.0 0.0 0.0 1.0
1 8.946579505578342 4.0 0.0 0.0 0.0 0.0 4.0 1.0 4.0 1.0 3.0 3.0 3.0 3.0 3.0 1.0 4.0 0.0 1.0 2.0 3.0 3.0 3.0 0.0 0.0 1.0 8.946579505578342 4.0 0.0 0.0 0.0 0.0 4.0 1.0 4.0 1.0 3.0 3.0 3.0 3.0 3.0 1.0 4.0 0.0 1.0 2.0 3.0 3.0 3.0 0.0 0.0 1.0
1 8.946579505578342 4.0 0.0 0.0 0.0 0.0 4.0 1.0 4.0 1.0 3.0 3.0 3.0 3.0 3.0 1.0 4.0 0.0 1.0 2.0 3.0 3.0 3.0 0.0 0.0 1.0 8.946579505578342 4.0 0.0 0.0 0.0 0.0 4.0 1.0 4.0 1.0 3.0 3.0 3.0 3.0 3.0 1.0 4.0 0.0 1.0 2.0 3.0 3.0 3.0 0.0 0.0 1.0
1 8.946579505578342 4.0 0.0 0.0 0.0 0.0 4.0 1.0 4.0 1.0 3.0 3.0 3.0 3.0 3.0 1.0 4.0 0.0 1.0 2.0 3.0 3.0 3.0 0.0 0.0 1.0 8.946579505578342 4.0 0.0 0.0 0.0 0.0 4.0 1.0 4.0 1.0 3.0 3.0 3.0 3.0 3.0 1.0 4.0 0.0 1.0 2.0 3.0 3.0 3.0 0.0 0.0 1.0
1 8.946579505578342 4.0 0.0 0.0 0.0 0.0 4.0 1.0 4.0 1.0 3.0 3.0 3.0 3.0 3.0 1.0 4.0 0.0 1.0 2.0 3.0 3.0 3.0 0.0 0.0 1.0 8.946579505578342 4.0 0.0 0.0 0.0 0.0 4.0 1.0 4.0 1.0 3.0 3.0 3.0 3.0 3.0 1.0 4.0 0.0 1.0 2.0 3.0 3.0 3.0 0.0 0.0 1.0
1 8.946579505578342 4.0 0.0 0.0 0.0 0.0 4.0 1.0 4.0 1.0 3.0 3.0 3.0 3.0 3.0 1.0 4.0 0.0 1.0 2.0 3.0 3.0 3.0 0.0 0.0 1.0 8.946579505578342 4.0 0.0 0.0 0.0 0.0 4.0 1.0 4.0 1.0 3.0 3.0 3.0 3.0 3.0 1.0 4.0 0.0 1.0 2.0 3.0 3.0 3.0 0.0 0.0 1.0
1 8.946579505578342 4.0 0.0 0.0 0.0 0.0 4.0 1.0 4.0 1.0 3.0 3.0 3.0 3.0 3.0 1.0 4.0 0.0 1.0 2.0 3.0 3.0 3.0 0.0 0.0 1.0 8.946579505578342 4.0 0.0 0.0 0.0 0.0 4.0 1.0 4.0 1.0 3.0 3.0 3.0 3.0 3.0 1.0 4.0 0.0 1.0 2.0 3.0 3.0 3.0 0.0 0.0 1.0
1 8.946579505578342 4.0 0.0 0.0 0.0 0.0 4.0 1.0 4.0 1.0 3.0 3.0 3.0 3.0 3.0 1.0 4.0 0.0 1.0 2.0 3.0 3.0 3.0 0.0 0.0 1.0 8.946579505578342 4.0 0.0 0.0 0.0 0.0 4.0 1.0 4.0 1.0 3.0 3.0 3.0 3.0 3.0 1.0 4.0 0.0 1.0 2.0 3.0 3.0 3.0 0.0 0.0 1.0
1 8.946579505578342 4.0 0.0 0.0 0.0 0.0 4.0 1.0 4.0 1.0 3.0 3.0 3.0 3.0 3.0 1.0 4.0 0.0 1.0 2.0 3.0 3.0 3.0 0.0 0.0 1.0 8.946579505578342 4.0 0.0 0.0 0.0 0.0 4.0 1.0 4.0 1.0 3.0 3.0 3.0 3.0 3.0 1.0 4.0 0.0 1.0 2.0 3.0 3.0 3.0 0.0 0.0 1.0
1 8.946579505578342 4.0 0.0 0.0 0.0 0.0 4.0 1.0 4.0 1.0 3.0 3.0 3.0 3.0 3.0 1.0 4.0 0.0 1.0 2.0 3.0 3.0 3.0 0.0 0.0 1.0 8.946579505578342 4.0 0.0 0.0 0.0 0.0 4.0 1.0 4.0 1.0 3.0 3.0 3.0 3.0 3.0 1.0 4.0 0.0 1.0 2.0 3.0 3.0 3.0 0.0 0.0 1.0
