Run Value_Current_Best Current_Best 25 Value_Solution_At_Iteration Solution_At_Iteration
3 0.5367504785425335 2.0 2.0 0.0 0.0 1.0 2.0 4.0 2.0 3.0 1.0 0.0 1.0 4.0 1.0 0.0 2.0 3.0 1.0 2.0 0.0 2.0 1.0 3.0 1.0 1.0 2.568303491034877 0.0 1.0 2.0 1.0 4.0 0.0 0.0 4.0 2.0 4.0 4.0 4.0 0.0 2.0 4.0 0.0 3.0 4.0 4.0 0.0 1.0 3.0 0.0 0.0 0.0
3 2.568303491034877 0.0 1.0 2.0 1.0 4.0 0.0 0.0 4.0 2.0 4.0 4.0 4.0 0.0 2.0 4.0 0.0 3.0 4.0 4.0 0.0 1.0 3.0 0.0 0.0 0.0 2.568303491034877 0.0 1.0 2.0 1.0 4.0 0.0 0.0 4.0 2.0 4.0 4.0 4.0 0.0 2.0 4.0 0.0 3.0 4.0 4.0 0.0 1.0 3.0 0.0 0.0 0.0
3 2.568303491034877 0.0 1.0 2.0 1.0 4.0 0.0 0.0 4.0 2.0 4.0 4.0 4.0 0.0 2.0 4.0 0.0 3.0 4.0 4.0 0.0 1.0 3.0 0.0 0.0 0.0 2.568303491034877 0.0 1.0 2.0 1.0 4.0 0.0 0.0 4.0 2.0 4.0 4.0 4.0 0.0 2.0 4.0 0.0 3.0 4.0 4.0 0.0 1.0 3.0 0.0 0.0 0.0
3 2.568303491034877 0.0 1.0 2.0 1.0 4.0 0.0 0.0 4.0 2.0 4.0 4.0 4.0 0.0 2.0 4.0 0.0 3.0 4.0 4.0 0.0 1.0 3.0 0.0 0.0 0.0 2.568303491034877 0.0 1.0 2.0 1.0 4.0 0.0 0.0 4.0 2.0 4.0 4.0 4.0 0.0 2.0 4.0 0.0 3.0 4.0 4.0 0.0 1.0 3.0 0.0 0.0 0.0
3 2.568303491034877 0.0 1.0 2.0 1.0 4.0 0.0 0.0 4.0 2.0 4.0 4.0 4.0 0.0 2.0 4.0 0.0 3.0 4.0 4.0 0.0 1.0 3.0 0.0 0.0 0.0 2.568303491034877 0.0 1.0 2.0 1.0 4.0 0.0 0.0 4.0 2.0 4.0 4.0 4.0 0.0 2.0 4.0 0.0 3.0 4.0 4.0 0.0 1.0 3.0 0.0 0.0 0.0
3 2.568303491034877 0.0 1.0 2.0 1.0 4.0 0.0 0.0 4.0 2.0 4.0 4.0 4.0 0.0 2.0 4.0 0.0 3.0 4.0 4.0 0.0 1.0 3.0 0.0 0.0 0.0 2.568303491034877 0.0 1.0 2.0 1.0 4.0 0.0 0.0 4.0 2.0 4.0 4.0 4.0 0.0 2.0 4.0 0.0 3.0 4.0 4.0 0.0 1.0 3.0 0.0 0.0 0.0
3 2.568303491034877 0.0 1.0 2.0 1.0 4.0 0.0 0.0 4.0 2.0 4.0 4.0 4.0 0.0 2.0 4.0 0.0 3.0 4.0 4.0 0.0 1.0 3.0 0.0 0.0 0.0 2.568303491034877 0.0 1.0 2.0 1.0 4.0 0.0 0.0 4.0 2.0 4.0 4.0 4.0 0.0 2.0 4.0 0.0 3.0 4.0 4.0 0.0 1.0 3.0 0.0 0.0 0.0
3 2.568303491034877 0.0 1.0 2.0 1.0 4.0 0.0 0.0 4.0 2.0 4.0 4.0 4.0 0.0 2.0 4.0 0.0 3.0 4.0 4.0 0.0 1.0 3.0 0.0 0.0 0.0 2.568303491034877 0.0 1.0 2.0 1.0 4.0 0.0 0.0 4.0 2.0 4.0 4.0 4.0 0.0 2.0 4.0 0.0 3.0 4.0 4.0 0.0 1.0 3.0 0.0 0.0 0.0
3 2.568303491034877 0.0 1.0 2.0 1.0 4.0 0.0 0.0 4.0 2.0 4.0 4.0 4.0 0.0 2.0 4.0 0.0 3.0 4.0 4.0 0.0 1.0 3.0 0.0 0.0 0.0 2.6564225231540006 0.0 0.0 2.0 1.0 4.0 2.0 0.0 3.0 2.0 4.0 4.0 4.0 2.0 2.0 4.0 1.0 3.0 4.0 4.0 4.0 1.0 1.0 0.0 0.0 0.0
3 2.6564225231540006 0.0 0.0 2.0 1.0 4.0 2.0 0.0 3.0 2.0 4.0 4.0 4.0 2.0 2.0 4.0 1.0 3.0 4.0 4.0 4.0 1.0 1.0 0.0 0.0 0.0 3.44138893733193 0.0 0.0 2.0 1.0 4.0 0.0 0.0 3.0 2.0 4.0 0.0 4.0 0.0 2.0 4.0 1.0 2.0 4.0 4.0 4.0 4.0 1.0 0.0 4.0 3.0
3 3.44138893733193 0.0 0.0 2.0 1.0 4.0 0.0 0.0 3.0 2.0 4.0 0.0 4.0 0.0 2.0 4.0 1.0 2.0 4.0 4.0 4.0 4.0 1.0 0.0 4.0 3.0 3.44138893733193 0.0 0.0 2.0 1.0 4.0 0.0 0.0 3.0 2.0 4.0 0.0 4.0 0.0 2.0 4.0 1.0 2.0 4.0 4.0 4.0 4.0 1.0 0.0 4.0 3.0
3 3.44138893733193 0.0 0.0 2.0 1.0 4.0 0.0 0.0 3.0 2.0 4.0 0.0 4.0 0.0 2.0 4.0 1.0 2.0 4.0 4.0 4.0 4.0 1.0 0.0 4.0 3.0 3.44138893733193 0.0 0.0 2.0 1.0 4.0 0.0 0.0 3.0 2.0 4.0 0.0 4.0 0.0 2.0 4.0 1.0 2.0 4.0 4.0 4.0 4.0 1.0 0.0 4.0 3.0
3 3.44138893733193 0.0 0.0 2.0 1.0 4.0 0.0 0.0 3.0 2.0 4.0 0.0 4.0 0.0 2.0 4.0 1.0 2.0 4.0 4.0 4.0 4.0 1.0 0.0 4.0 3.0 3.44138893733193 0.0 0.0 2.0 1.0 4.0 0.0 0.0 3.0 2.0 4.0 0.0 4.0 0.0 2.0 4.0 1.0 2.0 4.0 4.0 4.0 4.0 1.0 0.0 4.0 3.0
3 3.44138893733193 0.0 0.0 2.0 1.0 4.0 0.0 0.0 3.0 2.0 4.0 0.0 4.0 0.0 2.0 4.0 1.0 2.0 4.0 4.0 4.0 4.0 1.0 0.0 4.0 3.0 3.44138893733193 0.0 0.0 2.0 1.0 4.0 0.0 0.0 3.0 2.0 4.0 0.0 4.0 0.0 2.0 4.0 1.0 2.0 4.0 4.0 4.0 4.0 1.0 0.0 4.0 3.0
3 3.44138893733193 0.0 0.0 2.0 1.0 4.0 0.0 0.0 3.0 2.0 4.0 0.0 4.0 0.0 2.0 4.0 1.0 2.0 4.0 4.0 4.0 4.0 1.0 0.0 4.0 3.0 3.44138893733193 0.0 0.0 2.0 1.0 4.0 0.0 0.0 3.0 2.0 4.0 0.0 4.0 0.0 2.0 4.0 1.0 2.0 4.0 4.0 4.0 4.0 1.0 0.0 4.0 3.0
3 3.44138893733193 0.0 0.0 2.0 1.0 4.0 0.0 0.0 3.0 2.0 4.0 0.0 4.0 0.0 2.0 4.0 1.0 2.0 4.0 4.0 4.0 4.0 1.0 0.0 4.0 3.0 3.44138893733193 0.0 0.0 2.0 1.0 4.0 0.0 0.0 3.0 2.0 4.0 0.0 4.0 0.0 2.0 4.0 1.0 2.0 4.0 4.0 4.0 4.0 1.0 0.0 4.0 3.0
3 3.44138893733193 0.0 0.0 2.0 1.0 4.0 0.0 0.0 3.0 2.0 4.0 0.0 4.0 0.0 2.0 4.0 1.0 2.0 4.0 4.0 4.0 4.0 1.0 0.0 4.0 3.0 3.44138893733193 0.0 0.0 2.0 1.0 4.0 0.0 0.0 3.0 2.0 4.0 0.0 4.0 0.0 2.0 4.0 1.0 2.0 4.0 4.0 4.0 4.0 1.0 0.0 4.0 3.0
3 3.44138893733193 0.0 0.0 2.0 1.0 4.0 0.0 0.0 3.0 2.0 4.0 0.0 4.0 0.0 2.0 4.0 1.0 2.0 4.0 4.0 4.0 4.0 1.0 0.0 4.0 3.0 3.44138893733193 0.0 0.0 2.0 1.0 4.0 0.0 0.0 3.0 2.0 4.0 0.0 4.0 0.0 2.0 4.0 1.0 2.0 4.0 4.0 4.0 4.0 1.0 0.0 4.0 3.0
3 3.44138893733193 0.0 0.0 2.0 1.0 4.0 0.0 0.0 3.0 2.0 4.0 0.0 4.0 0.0 2.0 4.0 1.0 2.0 4.0 4.0 4.0 4.0 1.0 0.0 4.0 3.0 3.44138893733193 0.0 0.0 2.0 1.0 4.0 0.0 0.0 3.0 2.0 4.0 0.0 4.0 0.0 2.0 4.0 1.0 2.0 4.0 4.0 4.0 4.0 1.0 0.0 4.0 3.0
3 3.44138893733193 0.0 0.0 2.0 1.0 4.0 0.0 0.0 3.0 2.0 4.0 0.0 4.0 0.0 2.0 4.0 1.0 2.0 4.0 4.0 4.0 4.0 1.0 0.0 4.0 3.0 3.44138893733193 0.0 0.0 2.0 1.0 4.0 0.0 0.0 3.0 2.0 4.0 0.0 4.0 0.0 2.0 4.0 1.0 2.0 4.0 4.0 4.0 4.0 1.0 0.0 4.0 3.0
3 3.44138893733193 0.0 0.0 2.0 1.0 4.0 0.0 0.0 3.0 2.0 4.0 0.0 4.0 0.0 2.0 4.0 1.0 2.0 4.0 4.0 4.0 4.0 1.0 0.0 4.0 3.0 3.44138893733193 0.0 0.0 2.0 1.0 4.0 0.0 0.0 3.0 2.0 4.0 0.0 4.0 0.0 2.0 4.0 1.0 2.0 4.0 4.0 4.0 4.0 1.0 0.0 4.0 3.0
3 3.44138893733193 0.0 0.0 2.0 1.0 4.0 0.0 0.0 3.0 2.0 4.0 0.0 4.0 0.0 2.0 4.0 1.0 2.0 4.0 4.0 4.0 4.0 1.0 0.0 4.0 3.0 3.44138893733193 0.0 0.0 2.0 1.0 4.0 0.0 0.0 3.0 2.0 4.0 0.0 4.0 0.0 2.0 4.0 1.0 2.0 4.0 4.0 4.0 4.0 1.0 0.0 4.0 3.0
3 3.44138893733193 0.0 0.0 2.0 1.0 4.0 0.0 0.0 3.0 2.0 4.0 0.0 4.0 0.0 2.0 4.0 1.0 2.0 4.0 4.0 4.0 4.0 1.0 0.0 4.0 3.0 3.44138893733193 0.0 0.0 2.0 1.0 4.0 0.0 0.0 3.0 2.0 4.0 0.0 4.0 0.0 2.0 4.0 1.0 2.0 4.0 4.0 4.0 4.0 1.0 0.0 4.0 3.0
3 3.44138893733193 0.0 0.0 2.0 1.0 4.0 0.0 0.0 3.0 2.0 4.0 0.0 4.0 0.0 2.0 4.0 1.0 2.0 4.0 4.0 4.0 4.0 1.0 0.0 4.0 3.0 3.44138893733193 0.0 0.0 2.0 1.0 4.0 0.0 0.0 3.0 2.0 4.0 0.0 4.0 0.0 2.0 4.0 1.0 2.0 4.0 4.0 4.0 4.0 1.0 0.0 4.0 3.0
3 3.44138893733193 0.0 0.0 2.0 1.0 4.0 0.0 0.0 3.0 2.0 4.0 0.0 4.0 0.0 2.0 4.0 1.0 2.0 4.0 4.0 4.0 4.0 1.0 0.0 4.0 3.0 3.44138893733193 0.0 0.0 2.0 1.0 4.0 0.0 0.0 3.0 2.0 4.0 0.0 4.0 0.0 2.0 4.0 1.0 2.0 4.0 4.0 4.0 4.0 1.0 0.0 4.0 3.0
3 3.44138893733193 0.0 0.0 2.0 1.0 4.0 0.0 0.0 3.0 2.0 4.0 0.0 4.0 0.0 2.0 4.0 1.0 2.0 4.0 4.0 4.0 4.0 1.0 0.0 4.0 3.0 3.44138893733193 0.0 0.0 2.0 1.0 4.0 0.0 0.0 3.0 2.0 4.0 0.0 4.0 0.0 2.0 4.0 1.0 2.0 4.0 4.0 4.0 4.0 1.0 0.0 4.0 3.0
3 3.44138893733193 0.0 0.0 2.0 1.0 4.0 0.0 0.0 3.0 2.0 4.0 0.0 4.0 0.0 2.0 4.0 1.0 2.0 4.0 4.0 4.0 4.0 1.0 0.0 4.0 3.0 3.44138893733193 0.0 0.0 2.0 1.0 4.0 0.0 0.0 3.0 2.0 4.0 0.0 4.0 0.0 2.0 4.0 1.0 2.0 4.0 4.0 4.0 4.0 1.0 0.0 4.0 3.0
3 3.44138893733193 0.0 0.0 2.0 1.0 4.0 0.0 0.0 3.0 2.0 4.0 0.0 4.0 0.0 2.0 4.0 1.0 2.0 4.0 4.0 4.0 4.0 1.0 0.0 4.0 3.0 3.44138893733193 0.0 0.0 2.0 1.0 4.0 0.0 0.0 3.0 2.0 4.0 0.0 4.0 0.0 2.0 4.0 1.0 2.0 4.0 4.0 4.0 4.0 1.0 0.0 4.0 3.0
3 3.44138893733193 0.0 0.0 2.0 1.0 4.0 0.0 0.0 3.0 2.0 4.0 0.0 4.0 0.0 2.0 4.0 1.0 2.0 4.0 4.0 4.0 4.0 1.0 0.0 4.0 3.0 3.44138893733193 0.0 0.0 2.0 1.0 4.0 0.0 0.0 3.0 2.0 4.0 0.0 4.0 0.0 2.0 4.0 1.0 2.0 4.0 4.0 4.0 4.0 1.0 0.0 4.0 3.0
3 3.44138893733193 0.0 0.0 2.0 1.0 4.0 0.0 0.0 3.0 2.0 4.0 0.0 4.0 0.0 2.0 4.0 1.0 2.0 4.0 4.0 4.0 4.0 1.0 0.0 4.0 3.0 3.44138893733193 0.0 0.0 2.0 1.0 4.0 0.0 0.0 3.0 2.0 4.0 0.0 4.0 0.0 2.0 4.0 1.0 2.0 4.0 4.0 4.0 4.0 1.0 0.0 4.0 3.0
3 3.44138893733193 0.0 0.0 2.0 1.0 4.0 0.0 0.0 3.0 2.0 4.0 0.0 4.0 0.0 2.0 4.0 1.0 2.0 4.0 4.0 4.0 4.0 1.0 0.0 4.0 3.0 3.44138893733193 0.0 0.0 2.0 1.0 4.0 0.0 0.0 3.0 2.0 4.0 0.0 4.0 0.0 2.0 4.0 1.0 2.0 4.0 4.0 4.0 4.0 1.0 0.0 4.0 3.0
3 3.44138893733193 0.0 0.0 2.0 1.0 4.0 0.0 0.0 3.0 2.0 4.0 0.0 4.0 0.0 2.0 4.0 1.0 2.0 4.0 4.0 4.0 4.0 1.0 0.0 4.0 3.0 3.44138893733193 0.0 0.0 2.0 1.0 4.0 0.0 0.0 3.0 2.0 4.0 0.0 4.0 0.0 2.0 4.0 1.0 2.0 4.0 4.0 4.0 4.0 1.0 0.0 4.0 3.0
3 3.44138893733193 0.0 0.0 2.0 1.0 4.0 0.0 0.0 3.0 2.0 4.0 0.0 4.0 0.0 2.0 4.0 1.0 2.0 4.0 4.0 4.0 4.0 1.0 0.0 4.0 3.0 3.44138893733193 0.0 0.0 2.0 1.0 4.0 0.0 0.0 3.0 2.0 4.0 0.0 4.0 0.0 2.0 4.0 1.0 2.0 4.0 4.0 4.0 4.0 1.0 0.0 4.0 3.0
3 3.44138893733193 0.0 0.0 2.0 1.0 4.0 0.0 0.0 3.0 2.0 4.0 0.0 4.0 0.0 2.0 4.0 1.0 2.0 4.0 4.0 4.0 4.0 1.0 0.0 4.0 3.0 3.44138893733193 0.0 0.0 2.0 1.0 4.0 0.0 0.0 3.0 2.0 4.0 0.0 4.0 0.0 2.0 4.0 1.0 2.0 4.0 4.0 4.0 4.0 1.0 0.0 4.0 3.0
3 3.44138893733193 0.0 0.0 2.0 1.0 4.0 0.0 0.0 3.0 2.0 4.0 0.0 4.0 0.0 2.0 4.0 1.0 2.0 4.0 4.0 4.0 4.0 1.0 0.0 4.0 3.0 3.44138893733193 0.0 0.0 2.0 1.0 4.0 0.0 0.0 3.0 2.0 4.0 0.0 4.0 0.0 2.0 4.0 1.0 2.0 4.0 4.0 4.0 4.0 1.0 0.0 4.0 3.0
3 3.44138893733193 0.0 0.0 2.0 1.0 4.0 0.0 0.0 3.0 2.0 4.0 0.0 4.0 0.0 2.0 4.0 1.0 2.0 4.0 4.0 4.0 4.0 1.0 0.0 4.0 3.0 3.44138893733193 0.0 0.0 2.0 1.0 4.0 0.0 0.0 3.0 2.0 4.0 0.0 4.0 0.0 2.0 4.0 1.0 2.0 4.0 4.0 4.0 4.0 1.0 0.0 4.0 3.0
3 3.44138893733193 0.0 0.0 2.0 1.0 4.0 0.0 0.0 3.0 2.0 4.0 0.0 4.0 0.0 2.0 4.0 1.0 2.0 4.0 4.0 4.0 4.0 1.0 0.0 4.0 3.0 3.44138893733193 0.0 0.0 2.0 1.0 4.0 0.0 0.0 3.0 2.0 4.0 0.0 4.0 0.0 2.0 4.0 1.0 2.0 4.0 4.0 4.0 4.0 1.0 0.0 4.0 3.0
3 3.44138893733193 0.0 0.0 2.0 1.0 4.0 0.0 0.0 3.0 2.0 4.0 0.0 4.0 0.0 2.0 4.0 1.0 2.0 4.0 4.0 4.0 4.0 1.0 0.0 4.0 3.0 3.514679176994099 0.0 2.0 2.0 2.0 4.0 0.0 0.0 3.0 2.0 4.0 0.0 4.0 1.0 2.0 4.0 1.0 1.0 4.0 4.0 0.0 2.0 1.0 0.0 4.0 3.0
3 3.514679176994099 0.0 2.0 2.0 2.0 4.0 0.0 0.0 3.0 2.0 4.0 0.0 4.0 1.0 2.0 4.0 1.0 1.0 4.0 4.0 0.0 2.0 1.0 0.0 4.0 3.0 3.514679176994099 0.0 2.0 2.0 2.0 4.0 0.0 0.0 3.0 2.0 4.0 0.0 4.0 1.0 2.0 4.0 1.0 1.0 4.0 4.0 0.0 2.0 1.0 0.0 4.0 3.0
3 3.514679176994099 0.0 2.0 2.0 2.0 4.0 0.0 0.0 3.0 2.0 4.0 0.0 4.0 1.0 2.0 4.0 1.0 1.0 4.0 4.0 0.0 2.0 1.0 0.0 4.0 3.0 3.514679176994099 0.0 2.0 2.0 2.0 4.0 0.0 0.0 3.0 2.0 4.0 0.0 4.0 1.0 2.0 4.0 1.0 1.0 4.0 4.0 0.0 2.0 1.0 0.0 4.0 3.0
3 3.514679176994099 0.0 2.0 2.0 2.0 4.0 0.0 0.0 3.0 2.0 4.0 0.0 4.0 1.0 2.0 4.0 1.0 1.0 4.0 4.0 0.0 2.0 1.0 0.0 4.0 3.0 3.514679176994099 0.0 2.0 2.0 2.0 4.0 0.0 0.0 3.0 2.0 4.0 0.0 4.0 1.0 2.0 4.0 1.0 1.0 4.0 4.0 0.0 2.0 1.0 0.0 4.0 3.0
3 3.514679176994099 0.0 2.0 2.0 2.0 4.0 0.0 0.0 3.0 2.0 4.0 0.0 4.0 1.0 2.0 4.0 1.0 1.0 4.0 4.0 0.0 2.0 1.0 0.0 4.0 3.0 3.514679176994099 0.0 2.0 2.0 2.0 4.0 0.0 0.0 3.0 2.0 4.0 0.0 4.0 1.0 2.0 4.0 1.0 1.0 4.0 4.0 0.0 2.0 1.0 0.0 4.0 3.0
3 3.514679176994099 0.0 2.0 2.0 2.0 4.0 0.0 0.0 3.0 2.0 4.0 0.0 4.0 1.0 2.0 4.0 1.0 1.0 4.0 4.0 0.0 2.0 1.0 0.0 4.0 3.0 3.514679176994099 0.0 2.0 2.0 2.0 4.0 0.0 0.0 3.0 2.0 4.0 0.0 4.0 1.0 2.0 4.0 1.0 1.0 4.0 4.0 0.0 2.0 1.0 0.0 4.0 3.0
3 3.514679176994099 0.0 2.0 2.0 2.0 4.0 0.0 0.0 3.0 2.0 4.0 0.0 4.0 1.0 2.0 4.0 1.0 1.0 4.0 4.0 0.0 2.0 1.0 0.0 4.0 3.0 3.580310017078083 0.0 2.0 2.0 2.0 4.0 0.0 3.0 3.0 2.0 4.0 0.0 4.0 0.0 2.0 4.0 1.0 2.0 4.0 4.0 0.0 2.0 1.0 0.0 4.0 3.0
3 3.580310017078083 0.0 2.0 2.0 2.0 4.0 0.0 3.0 3.0 2.0 4.0 0.0 4.0 0.0 2.0 4.0 1.0 2.0 4.0 4.0 0.0 2.0 1.0 0.0 4.0 3.0 4.8426618316925465 0.0 0.0 3.0 4.0 4.0 0.0 0.0 3.0 2.0 4.0 0.0 4.0 1.0 2.0 4.0 1.0 2.0 4.0 4.0 4.0 1.0 4.0 0.0 4.0 0.0
3 4.8426618316925465 0.0 0.0 3.0 4.0 4.0 0.0 0.0 3.0 2.0 4.0 0.0 4.0 1.0 2.0 4.0 1.0 2.0 4.0 4.0 4.0 1.0 4.0 0.0 4.0 0.0 4.8426618316925465 0.0 0.0 3.0 4.0 4.0 0.0 0.0 3.0 2.0 4.0 0.0 4.0 1.0 2.0 4.0 1.0 2.0 4.0 4.0 4.0 1.0 4.0 0.0 4.0 0.0
3 4.8426618316925465 0.0 0.0 3.0 4.0 4.0 0.0 0.0 3.0 2.0 4.0 0.0 4.0 1.0 2.0 4.0 1.0 2.0 4.0 4.0 4.0 1.0 4.0 0.0 4.0 0.0 5.226393245228205 0.0 0.0 2.0 1.0 4.0 0.0 0.0 3.0 2.0 4.0 0.0 4.0 0.0 2.0 4.0 1.0 2.0 4.0 4.0 0.0 4.0 1.0 0.0 0.0 0.0
3 5.226393245228205 0.0 0.0 2.0 1.0 4.0 0.0 0.0 3.0 2.0 4.0 0.0 4.0 0.0 2.0 4.0 1.0 2.0 4.0 4.0 0.0 4.0 1.0 0.0 0.0 0.0 5.226393245228205 0.0 0.0 2.0 1.0 4.0 0.0 0.0 3.0 2.0 4.0 0.0 4.0 0.0 2.0 4.0 1.0 2.0 4.0 4.0 0.0 4.0 1.0 0.0 0.0 0.0
3 5.226393245228205 0.0 0.0 2.0 1.0 4.0 0.0 0.0 3.0 2.0 4.0 0.0 4.0 0.0 2.0 4.0 1.0 2.0 4.0 4.0 0.0 4.0 1.0 0.0 0.0 0.0 5.226393245228205 0.0 0.0 2.0 1.0 4.0 0.0 0.0 3.0 2.0 4.0 0.0 4.0 0.0 2.0 4.0 1.0 2.0 4.0 4.0 0.0 4.0 1.0 0.0 0.0 0.0
3 5.226393245228205 0.0 0.0 2.0 1.0 4.0 0.0 0.0 3.0 2.0 4.0 0.0 4.0 0.0 2.0 4.0 1.0 2.0 4.0 4.0 0.0 4.0 1.0 0.0 0.0 0.0 5.226393245228205 0.0 0.0 2.0 1.0 4.0 0.0 0.0 3.0 2.0 4.0 0.0 4.0 0.0 2.0 4.0 1.0 2.0 4.0 4.0 0.0 4.0 1.0 0.0 0.0 0.0
3 5.226393245228205 0.0 0.0 2.0 1.0 4.0 0.0 0.0 3.0 2.0 4.0 0.0 4.0 0.0 2.0 4.0 1.0 2.0 4.0 4.0 0.0 4.0 1.0 0.0 0.0 0.0 5.226393245228205 0.0 0.0 2.0 1.0 4.0 0.0 0.0 3.0 2.0 4.0 0.0 4.0 0.0 2.0 4.0 1.0 2.0 4.0 4.0 0.0 4.0 1.0 0.0 0.0 0.0
3 5.226393245228205 0.0 0.0 2.0 1.0 4.0 0.0 0.0 3.0 2.0 4.0 0.0 4.0 0.0 2.0 4.0 1.0 2.0 4.0 4.0 0.0 4.0 1.0 0.0 0.0 0.0 5.226393245228205 0.0 0.0 2.0 1.0 4.0 0.0 0.0 3.0 2.0 4.0 0.0 4.0 0.0 2.0 4.0 1.0 2.0 4.0 4.0 0.0 4.0 1.0 0.0 0.0 0.0
3 5.226393245228205 0.0 0.0 2.0 1.0 4.0 0.0 0.0 3.0 2.0 4.0 0.0 4.0 0.0 2.0 4.0 1.0 2.0 4.0 4.0 0.0 4.0 1.0 0.0 0.0 0.0 5.226393245228205 0.0 0.0 2.0 1.0 4.0 0.0 0.0 3.0 2.0 4.0 0.0 4.0 0.0 2.0 4.0 1.0 2.0 4.0 4.0 0.0 4.0 1.0 0.0 0.0 0.0
3 5.226393245228205 0.0 0.0 2.0 1.0 4.0 0.0 0.0 3.0 2.0 4.0 0.0 4.0 0.0 2.0 4.0 1.0 2.0 4.0 4.0 0.0 4.0 1.0 0.0 0.0 0.0 5.226393245228205 0.0 0.0 2.0 1.0 4.0 0.0 0.0 3.0 2.0 4.0 0.0 4.0 0.0 2.0 4.0 1.0 2.0 4.0 4.0 0.0 4.0 1.0 0.0 0.0 0.0
3 5.226393245228205 0.0 0.0 2.0 1.0 4.0 0.0 0.0 3.0 2.0 4.0 0.0 4.0 0.0 2.0 4.0 1.0 2.0 4.0 4.0 0.0 4.0 1.0 0.0 0.0 0.0 5.226393245228205 0.0 0.0 2.0 1.0 4.0 0.0 0.0 3.0 2.0 4.0 0.0 4.0 0.0 2.0 4.0 1.0 2.0 4.0 4.0 0.0 4.0 1.0 0.0 0.0 0.0
3 5.226393245228205 0.0 0.0 2.0 1.0 4.0 0.0 0.0 3.0 2.0 4.0 0.0 4.0 0.0 2.0 4.0 1.0 2.0 4.0 4.0 0.0 4.0 1.0 0.0 0.0 0.0 5.226393245228205 0.0 0.0 2.0 1.0 4.0 0.0 0.0 3.0 2.0 4.0 0.0 4.0 0.0 2.0 4.0 1.0 2.0 4.0 4.0 0.0 4.0 1.0 0.0 0.0 0.0
3 5.226393245228205 0.0 0.0 2.0 1.0 4.0 0.0 0.0 3.0 2.0 4.0 0.0 4.0 0.0 2.0 4.0 1.0 2.0 4.0 4.0 0.0 4.0 1.0 0.0 0.0 0.0 5.284248527036135 0.0 0.0 2.0 1.0 4.0 0.0 0.0 3.0 2.0 4.0 2.0 2.0 0.0 2.0 4.0 1.0 2.0 4.0 4.0 0.0 4.0 1.0 0.0 0.0 0.0
3 5.284248527036135 0.0 0.0 2.0 1.0 4.0 0.0 0.0 3.0 2.0 4.0 2.0 2.0 0.0 2.0 4.0 1.0 2.0 4.0 4.0 0.0 4.0 1.0 0.0 0.0 0.0 5.284248527036135 0.0 0.0 2.0 1.0 4.0 0.0 0.0 3.0 2.0 4.0 2.0 2.0 0.0 2.0 4.0 1.0 2.0 4.0 4.0 0.0 4.0 1.0 0.0 0.0 0.0
3 5.284248527036135 0.0 0.0 2.0 1.0 4.0 0.0 0.0 3.0 2.0 4.0 2.0 2.0 0.0 2.0 4.0 1.0 2.0 4.0 4.0 0.0 4.0 1.0 0.0 0.0 0.0 5.284248527036135 0.0 0.0 2.0 1.0 4.0 0.0 0.0 3.0 2.0 4.0 2.0 2.0 0.0 2.0 4.0 1.0 2.0 4.0 4.0 0.0 4.0 1.0 0.0 0.0 0.0
3 5.284248527036135 0.0 0.0 2.0 1.0 4.0 0.0 0.0 3.0 2.0 4.0 2.0 2.0 0.0 2.0 4.0 1.0 2.0 4.0 4.0 0.0 4.0 1.0 0.0 0.0 0.0 5.284248527036135 0.0 0.0 2.0 1.0 4.0 0.0 0.0 3.0 2.0 4.0 2.0 2.0 0.0 2.0 4.0 1.0 2.0 4.0 4.0 0.0 4.0 1.0 0.0 0.0 0.0
3 5.284248527036135 0.0 0.0 2.0 1.0 4.0 0.0 0.0 3.0 2.0 4.0 2.0 2.0 0.0 2.0 4.0 1.0 2.0 4.0 4.0 0.0 4.0 1.0 0.0 0.0 0.0 5.284248527036135 0.0 0.0 2.0 1.0 4.0 0.0 0.0 3.0 2.0 4.0 2.0 2.0 0.0 2.0 4.0 1.0 2.0 4.0 4.0 0.0 4.0 1.0 0.0 0.0 0.0
3 5.284248527036135 0.0 0.0 2.0 1.0 4.0 0.0 0.0 3.0 2.0 4.0 2.0 2.0 0.0 2.0 4.0 1.0 2.0 4.0 4.0 0.0 4.0 1.0 0.0 0.0 0.0 5.284248527036135 0.0 0.0 2.0 1.0 4.0 0.0 0.0 3.0 2.0 4.0 2.0 2.0 0.0 2.0 4.0 1.0 2.0 4.0 4.0 0.0 4.0 1.0 0.0 0.0 0.0
3 5.284248527036135 0.0 0.0 2.0 1.0 4.0 0.0 0.0 3.0 2.0 4.0 2.0 2.0 0.0 2.0 4.0 1.0 2.0 4.0 4.0 0.0 4.0 1.0 0.0 0.0 0.0 5.284248527036135 0.0 0.0 2.0 1.0 4.0 0.0 0.0 3.0 2.0 4.0 2.0 2.0 0.0 2.0 4.0 1.0 2.0 4.0 4.0 0.0 4.0 1.0 0.0 0.0 0.0
3 5.284248527036135 0.0 0.0 2.0 1.0 4.0 0.0 0.0 3.0 2.0 4.0 2.0 2.0 0.0 2.0 4.0 1.0 2.0 4.0 4.0 0.0 4.0 1.0 0.0 0.0 0.0 5.284248527036135 0.0 0.0 2.0 1.0 4.0 0.0 0.0 3.0 2.0 4.0 2.0 2.0 0.0 2.0 4.0 1.0 2.0 4.0 4.0 0.0 4.0 1.0 0.0 0.0 0.0
3 5.284248527036135 0.0 0.0 2.0 1.0 4.0 0.0 0.0 3.0 2.0 4.0 2.0 2.0 0.0 2.0 4.0 1.0 2.0 4.0 4.0 0.0 4.0 1.0 0.0 0.0 0.0 5.284248527036135 0.0 0.0 2.0 1.0 4.0 0.0 0.0 3.0 2.0 4.0 2.0 2.0 0.0 2.0 4.0 1.0 2.0 4.0 4.0 0.0 4.0 1.0 0.0 0.0 0.0
3 5.284248527036135 0.0 0.0 2.0 1.0 4.0 0.0 0.0 3.0 2.0 4.0 2.0 2.0 0.0 2.0 4.0 1.0 2.0 4.0 4.0 0.0 4.0 1.0 0.0 0.0 0.0 5.2932637164101175 0.0 0.0 2.0 1.0 4.0 0.0 0.0 3.0 2.0 4.0 1.0 2.0 0.0 2.0 4.0 1.0 2.0 4.0 4.0 0.0 4.0 1.0 0.0 0.0 0.0
3 5.2932637164101175 0.0 0.0 2.0 1.0 4.0 0.0 0.0 3.0 2.0 4.0 1.0 2.0 0.0 2.0 4.0 1.0 2.0 4.0 4.0 0.0 4.0 1.0 0.0 0.0 0.0 5.2932637164101175 0.0 0.0 2.0 1.0 4.0 0.0 0.0 3.0 2.0 4.0 1.0 2.0 0.0 2.0 4.0 1.0 2.0 4.0 4.0 0.0 4.0 1.0 0.0 0.0 0.0
3 5.2932637164101175 0.0 0.0 2.0 1.0 4.0 0.0 0.0 3.0 2.0 4.0 1.0 2.0 0.0 2.0 4.0 1.0 2.0 4.0 4.0 0.0 4.0 1.0 0.0 0.0 0.0 5.2932637164101175 0.0 0.0 2.0 1.0 4.0 0.0 0.0 3.0 2.0 4.0 1.0 2.0 0.0 2.0 4.0 1.0 2.0 4.0 4.0 0.0 4.0 1.0 0.0 0.0 0.0
3 5.2932637164101175 0.0 0.0 2.0 1.0 4.0 0.0 0.0 3.0 2.0 4.0 1.0 2.0 0.0 2.0 4.0 1.0 2.0 4.0 4.0 0.0 4.0 1.0 0.0 0.0 0.0 5.2932637164101175 0.0 0.0 2.0 1.0 4.0 0.0 0.0 3.0 2.0 4.0 1.0 2.0 0.0 2.0 4.0 1.0 2.0 4.0 4.0 0.0 4.0 1.0 0.0 0.0 0.0
3 5.2932637164101175 0.0 0.0 2.0 1.0 4.0 0.0 0.0 3.0 2.0 4.0 1.0 2.0 0.0 2.0 4.0 1.0 2.0 4.0 4.0 0.0 4.0 1.0 0.0 0.0 0.0 5.2932637164101175 0.0 0.0 2.0 1.0 4.0 0.0 0.0 3.0 2.0 4.0 1.0 2.0 0.0 2.0 4.0 1.0 2.0 4.0 4.0 0.0 4.0 1.0 0.0 0.0 0.0
3 5.2932637164101175 0.0 0.0 2.0 1.0 4.0 0.0 0.0 3.0 2.0 4.0 1.0 2.0 0.0 2.0 4.0 1.0 2.0 4.0 4.0 0.0 4.0 1.0 0.0 0.0 0.0 5.733607201260898 0.0 0.0 0.0 1.0 4.0 0.0 0.0 3.0 2.0 4.0 0.0 2.0 0.0 2.0 4.0 0.0 2.0 4.0 4.0 0.0 4.0 2.0 0.0 0.0 0.0
3 5.733607201260898 0.0 0.0 0.0 1.0 4.0 0.0 0.0 3.0 2.0 4.0 0.0 2.0 0.0 2.0 4.0 0.0 2.0 4.0 4.0 0.0 4.0 2.0 0.0 0.0 0.0 5.733607201260898 0.0 0.0 0.0 1.0 4.0 0.0 0.0 3.0 2.0 4.0 0.0 2.0 0.0 2.0 4.0 0.0 2.0 4.0 4.0 0.0 4.0 2.0 0.0 0.0 0.0
3 5.733607201260898 0.0 0.0 0.0 1.0 4.0 0.0 0.0 3.0 2.0 4.0 0.0 2.0 0.0 2.0 4.0 0.0 2.0 4.0 4.0 0.0 4.0 2.0 0.0 0.0 0.0 5.733607201260898 0.0 0.0 0.0 1.0 4.0 0.0 0.0 3.0 2.0 4.0 0.0 2.0 0.0 2.0 4.0 0.0 2.0 4.0 4.0 0.0 4.0 2.0 0.0 0.0 0.0
3 5.733607201260898 0.0 0.0 0.0 1.0 4.0 0.0 0.0 3.0 2.0 4.0 0.0 2.0 0.0 2.0 4.0 0.0 2.0 4.0 4.0 0.0 4.0 2.0 0.0 0.0 0.0 5.733607201260898 0.0 0.0 0.0 1.0 4.0 0.0 0.0 3.0 2.0 4.0 0.0 2.0 0.0 2.0 4.0 0.0 2.0 4.0 4.0 0.0 4.0 2.0 0.0 0.0 0.0
3 5.733607201260898 0.0 0.0 0.0 1.0 4.0 0.0 0.0 3.0 2.0 4.0 0.0 2.0 0.0 2.0 4.0 0.0 2.0 4.0 4.0 0.0 4.0 2.0 0.0 0.0 0.0 5.733607201260898 0.0 0.0 0.0 1.0 4.0 0.0 0.0 3.0 2.0 4.0 0.0 2.0 0.0 2.0 4.0 0.0 2.0 4.0 4.0 0.0 4.0 2.0 0.0 0.0 0.0
3 5.733607201260898 0.0 0.0 0.0 1.0 4.0 0.0 0.0 3.0 2.0 4.0 0.0 2.0 0.0 2.0 4.0 0.0 2.0 4.0 4.0 0.0 4.0 2.0 0.0 0.0 0.0 5.733607201260898 0.0 0.0 0.0 1.0 4.0 0.0 0.0 3.0 2.0 4.0 0.0 2.0 0.0 2.0 4.0 0.0 2.0 4.0 4.0 0.0 4.0 2.0 0.0 0.0 0.0
3 5.733607201260898 0.0 0.0 0.0 1.0 4.0 0.0 0.0 3.0 2.0 4.0 0.0 2.0 0.0 2.0 4.0 0.0 2.0 4.0 4.0 0.0 4.0 2.0 0.0 0.0 0.0 5.733607201260898 0.0 0.0 0.0 1.0 4.0 0.0 0.0 3.0 2.0 4.0 0.0 2.0 0.0 2.0 4.0 0.0 2.0 4.0 4.0 0.0 4.0 2.0 0.0 0.0 0.0
3 5.733607201260898 0.0 0.0 0.0 1.0 4.0 0.0 0.0 3.0 2.0 4.0 0.0 2.0 0.0 2.0 4.0 0.0 2.0 4.0 4.0 0.0 4.0 2.0 0.0 0.0 0.0 5.733607201260898 0.0 0.0 0.0 1.0 4.0 0.0 0.0 3.0 2.0 4.0 0.0 2.0 0.0 2.0 4.0 0.0 2.0 4.0 4.0 0.0 4.0 2.0 0.0 0.0 0.0
3 5.733607201260898 0.0 0.0 0.0 1.0 4.0 0.0 0.0 3.0 2.0 4.0 0.0 2.0 0.0 2.0 4.0 0.0 2.0 4.0 4.0 0.0 4.0 2.0 0.0 0.0 0.0 5.733607201260898 0.0 0.0 0.0 1.0 4.0 0.0 0.0 3.0 2.0 4.0 0.0 2.0 0.0 2.0 4.0 0.0 2.0 4.0 4.0 0.0 4.0 2.0 0.0 0.0 0.0
3 5.733607201260898 0.0 0.0 0.0 1.0 4.0 0.0 0.0 3.0 2.0 4.0 0.0 2.0 0.0 2.0 4.0 0.0 2.0 4.0 4.0 0.0 4.0 2.0 0.0 0.0 0.0 5.733607201260898 0.0 0.0 0.0 1.0 4.0 0.0 0.0 3.0 2.0 4.0 0.0 2.0 0.0 2.0 4.0 0.0 2.0 4.0 4.0 0.0 4.0 2.0 0.0 0.0 0.0
3 5.733607201260898 0.0 0.0 0.0 1.0 4.0 0.0 0.0 3.0 2.0 4.0 0.0 2.0 0.0 2.0 4.0 0.0 2.0 4.0 4.0 0.0 4.0 2.0 0.0 0.0 0.0 5.733607201260898 0.0 0.0 0.0 1.0 4.0 0.0 0.0 3.0 2.0 4.0 0.0 2.0 0.0 2.0 4.0 0.0 2.0 4.0 4.0 0.0 4.0 2.0 0.0 0.0 0.0
3 5.733607201260898 0.0 0.0 0.0 1.0 4.0 0.0 0.0 3.0 2.0 4.0 0.0 2.0 0.0 2.0 4.0 0.0 2.0 4.0 4.0 0.0 4.0 2.0 0.0 0.0 0.0 5.733607201260898 0.0 0.0 0.0 1.0 4.0 0.0 0.0 3.0 2.0 4.0 0.0 2.0 0.0 2.0 4.0 0.0 2.0 4.0 4.0 0.0 4.0 2.0 0.0 0.0 0.0
3 5.733607201260898 0.0 0.0 0.0 1.0 4.0 0.0 0.0 3.0 2.0 4.0 0.0 2.0 0.0 2.0 4.0 0.0 2.0 4.0 4.0 0.0 4.0 2.0 0.0 0.0 0.0 5.733607201260898 0.0 0.0 0.0 1.0 4.0 0.0 0.0 3.0 2.0 4.0 0.0 2.0 0.0 2.0 4.0 0.0 2.0 4.0 4.0 0.0 4.0 2.0 0.0 0.0 0.0
3 5.733607201260898 0.0 0.0 0.0 1.0 4.0 0.0 0.0 3.0 2.0 4.0 0.0 2.0 0.0 2.0 4.0 0.0 2.0 4.0 4.0 0.0 4.0 2.0 0.0 0.0 0.0 5.733607201260898 0.0 0.0 0.0 1.0 4.0 0.0 0.0 3.0 2.0 4.0 0.0 2.0 0.0 2.0 4.0 0.0 2.0 4.0 4.0 0.0 4.0 2.0 0.0 0.0 0.0
3 5.733607201260898 0.0 0.0 0.0 1.0 4.0 0.0 0.0 3.0 2.0 4.0 0.0 2.0 0.0 2.0 4.0 0.0 2.0 4.0 4.0 0.0 4.0 2.0 0.0 0.0 0.0 5.733607201260898 0.0 0.0 0.0 1.0 4.0 0.0 0.0 3.0 2.0 4.0 0.0 2.0 0.0 2.0 4.0 0.0 2.0 4.0 4.0 0.0 4.0 2.0 0.0 0.0 0.0
3 5.733607201260898 0.0 0.0 0.0 1.0 4.0 0.0 0.0 3.0 2.0 4.0 0.0 2.0 0.0 2.0 4.0 0.0 2.0 4.0 4.0 0.0 4.0 2.0 0.0 0.0 0.0 5.733607201260898 0.0 0.0 0.0 1.0 4.0 0.0 0.0 3.0 2.0 4.0 0.0 2.0 0.0 2.0 4.0 0.0 2.0 4.0 4.0 0.0 4.0 2.0 0.0 0.0 0.0
3 5.733607201260898 0.0 0.0 0.0 1.0 4.0 0.0 0.0 3.0 2.0 4.0 0.0 2.0 0.0 2.0 4.0 0.0 2.0 4.0 4.0 0.0 4.0 2.0 0.0 0.0 0.0 5.733607201260898 0.0 0.0 0.0 1.0 4.0 0.0 0.0 3.0 2.0 4.0 0.0 2.0 0.0 2.0 4.0 0.0 2.0 4.0 4.0 0.0 4.0 2.0 0.0 0.0 0.0
3 5.733607201260898 0.0 0.0 0.0 1.0 4.0 0.0 0.0 3.0 2.0 4.0 0.0 2.0 0.0 2.0 4.0 0.0 2.0 4.0 4.0 0.0 4.0 2.0 0.0 0.0 0.0 5.831682376311677 0.0 0.0 0.0 1.0 4.0 0.0 3.0 3.0 2.0 4.0 0.0 2.0 0.0 2.0 4.0 0.0 2.0 2.0 4.0 0.0 4.0 2.0 0.0 0.0 0.0
3 5.831682376311677 0.0 0.0 0.0 1.0 4.0 0.0 3.0 3.0 2.0 4.0 0.0 2.0 0.0 2.0 4.0 0.0 2.0 2.0 4.0 0.0 4.0 2.0 0.0 0.0 0.0 5.831682376311677 0.0 0.0 0.0 1.0 4.0 0.0 3.0 3.0 2.0 4.0 0.0 2.0 0.0 2.0 4.0 0.0 2.0 2.0 4.0 0.0 4.0 2.0 0.0 0.0 0.0
3 5.831682376311677 0.0 0.0 0.0 1.0 4.0 0.0 3.0 3.0 2.0 4.0 0.0 2.0 0.0 2.0 4.0 0.0 2.0 2.0 4.0 0.0 4.0 2.0 0.0 0.0 0.0 5.831682376311677 0.0 0.0 0.0 1.0 4.0 0.0 3.0 3.0 2.0 4.0 0.0 2.0 0.0 2.0 4.0 0.0 2.0 2.0 4.0 0.0 4.0 2.0 0.0 0.0 0.0
3 5.831682376311677 0.0 0.0 0.0 1.0 4.0 0.0 3.0 3.0 2.0 4.0 0.0 2.0 0.0 2.0 4.0 0.0 2.0 2.0 4.0 0.0 4.0 2.0 0.0 0.0 0.0 5.831682376311677 0.0 0.0 0.0 1.0 4.0 0.0 3.0 3.0 2.0 4.0 0.0 2.0 0.0 2.0 4.0 0.0 2.0 2.0 4.0 0.0 4.0 2.0 0.0 0.0 0.0
3 5.831682376311677 0.0 0.0 0.0 1.0 4.0 0.0 3.0 3.0 2.0 4.0 0.0 2.0 0.0 2.0 4.0 0.0 2.0 2.0 4.0 0.0 4.0 2.0 0.0 0.0 0.0 5.831682376311677 0.0 0.0 0.0 1.0 4.0 0.0 3.0 3.0 2.0 4.0 0.0 2.0 0.0 2.0 4.0 0.0 2.0 2.0 4.0 0.0 4.0 2.0 0.0 0.0 0.0
3 5.831682376311677 0.0 0.0 0.0 1.0 4.0 0.0 3.0 3.0 2.0 4.0 0.0 2.0 0.0 2.0 4.0 0.0 2.0 2.0 4.0 0.0 4.0 2.0 0.0 0.0 0.0 5.831682376311677 0.0 0.0 0.0 1.0 4.0 0.0 3.0 3.0 2.0 4.0 0.0 2.0 0.0 2.0 4.0 0.0 2.0 2.0 4.0 0.0 4.0 2.0 0.0 0.0 0.0
3 5.831682376311677 0.0 0.0 0.0 1.0 4.0 0.0 3.0 3.0 2.0 4.0 0.0 2.0 0.0 2.0 4.0 0.0 2.0 2.0 4.0 0.0 4.0 2.0 0.0 0.0 0.0 5.831682376311677 0.0 0.0 0.0 1.0 4.0 0.0 3.0 3.0 2.0 4.0 0.0 2.0 0.0 2.0 4.0 0.0 2.0 2.0 4.0 0.0 4.0 2.0 0.0 0.0 0.0
3 5.831682376311677 0.0 0.0 0.0 1.0 4.0 0.0 3.0 3.0 2.0 4.0 0.0 2.0 0.0 2.0 4.0 0.0 2.0 2.0 4.0 0.0 4.0 2.0 0.0 0.0 0.0 5.831682376311677 0.0 0.0 0.0 1.0 4.0 0.0 3.0 3.0 2.0 4.0 0.0 2.0 0.0 2.0 4.0 0.0 2.0 2.0 4.0 0.0 4.0 2.0 0.0 0.0 0.0
3 5.831682376311677 0.0 0.0 0.0 1.0 4.0 0.0 3.0 3.0 2.0 4.0 0.0 2.0 0.0 2.0 4.0 0.0 2.0 2.0 4.0 0.0 4.0 2.0 0.0 0.0 0.0 5.831682376311677 0.0 0.0 0.0 1.0 4.0 0.0 3.0 3.0 2.0 4.0 0.0 2.0 0.0 2.0 4.0 0.0 2.0 2.0 4.0 0.0 4.0 2.0 0.0 0.0 0.0
3 5.831682376311677 0.0 0.0 0.0 1.0 4.0 0.0 3.0 3.0 2.0 4.0 0.0 2.0 0.0 2.0 4.0 0.0 2.0 2.0 4.0 0.0 4.0 2.0 0.0 0.0 0.0 5.831682376311677 0.0 0.0 0.0 1.0 4.0 0.0 3.0 3.0 2.0 4.0 0.0 2.0 0.0 2.0 4.0 0.0 2.0 2.0 4.0 0.0 4.0 2.0 0.0 0.0 0.0
3 5.831682376311677 0.0 0.0 0.0 1.0 4.0 0.0 3.0 3.0 2.0 4.0 0.0 2.0 0.0 2.0 4.0 0.0 2.0 2.0 4.0 0.0 4.0 2.0 0.0 0.0 0.0 5.831682376311677 0.0 0.0 0.0 1.0 4.0 0.0 3.0 3.0 2.0 4.0 0.0 2.0 0.0 2.0 4.0 0.0 2.0 2.0 4.0 0.0 4.0 2.0 0.0 0.0 0.0
3 5.831682376311677 0.0 0.0 0.0 1.0 4.0 0.0 3.0 3.0 2.0 4.0 0.0 2.0 0.0 2.0 4.0 0.0 2.0 2.0 4.0 0.0 4.0 2.0 0.0 0.0 0.0 5.831682376311677 0.0 0.0 0.0 1.0 4.0 0.0 3.0 3.0 2.0 4.0 0.0 2.0 0.0 2.0 4.0 0.0 2.0 2.0 4.0 0.0 4.0 2.0 0.0 0.0 0.0
3 5.831682376311677 0.0 0.0 0.0 1.0 4.0 0.0 3.0 3.0 2.0 4.0 0.0 2.0 0.0 2.0 4.0 0.0 2.0 2.0 4.0 0.0 4.0 2.0 0.0 0.0 0.0 5.831682376311677 0.0 0.0 0.0 1.0 4.0 0.0 3.0 3.0 2.0 4.0 0.0 2.0 0.0 2.0 4.0 0.0 2.0 2.0 4.0 0.0 4.0 2.0 0.0 0.0 0.0
3 5.831682376311677 0.0 0.0 0.0 1.0 4.0 0.0 3.0 3.0 2.0 4.0 0.0 2.0 0.0 2.0 4.0 0.0 2.0 2.0 4.0 0.0 4.0 2.0 0.0 0.0 0.0 5.831682376311677 0.0 0.0 0.0 1.0 4.0 0.0 3.0 3.0 2.0 4.0 0.0 2.0 0.0 2.0 4.0 0.0 2.0 2.0 4.0 0.0 4.0 2.0 0.0 0.0 0.0
3 5.831682376311677 0.0 0.0 0.0 1.0 4.0 0.0 3.0 3.0 2.0 4.0 0.0 2.0 0.0 2.0 4.0 0.0 2.0 2.0 4.0 0.0 4.0 2.0 0.0 0.0 0.0 5.831682376311677 0.0 0.0 0.0 1.0 4.0 0.0 3.0 3.0 2.0 4.0 0.0 2.0 0.0 2.0 4.0 0.0 2.0 2.0 4.0 0.0 4.0 2.0 0.0 0.0 0.0
3 5.831682376311677 0.0 0.0 0.0 1.0 4.0 0.0 3.0 3.0 2.0 4.0 0.0 2.0 0.0 2.0 4.0 0.0 2.0 2.0 4.0 0.0 4.0 2.0 0.0 0.0 0.0 5.831682376311677 0.0 0.0 0.0 1.0 4.0 0.0 3.0 3.0 2.0 4.0 0.0 2.0 0.0 2.0 4.0 0.0 2.0 2.0 4.0 0.0 4.0 2.0 0.0 0.0 0.0
3 5.831682376311677 0.0 0.0 0.0 1.0 4.0 0.0 3.0 3.0 2.0 4.0 0.0 2.0 0.0 2.0 4.0 0.0 2.0 2.0 4.0 0.0 4.0 2.0 0.0 0.0 0.0 5.831682376311677 0.0 0.0 0.0 1.0 4.0 0.0 3.0 3.0 2.0 4.0 0.0 2.0 0.0 2.0 4.0 0.0 2.0 2.0 4.0 0.0 4.0 2.0 0.0 0.0 0.0
3 5.831682376311677 0.0 0.0 0.0 1.0 4.0 0.0 3.0 3.0 2.0 4.0 0.0 2.0 0.0 2.0 4.0 0.0 2.0 2.0 4.0 0.0 4.0 2.0 0.0 0.0 0.0 5.831682376311677 0.0 0.0 0.0 1.0 4.0 0.0 3.0 3.0 2.0 4.0 0.0 2.0 0.0 2.0 4.0 0.0 2.0 2.0 4.0 0.0 4.0 2.0 0.0 0.0 0.0
3 5.831682376311677 0.0 0.0 0.0 1.0 4.0 0.0 3.0 3.0 2.0 4.0 0.0 2.0 0.0 2.0 4.0 0.0 2.0 2.0 4.0 0.0 4.0 2.0 0.0 0.0 0.0 5.831682376311677 0.0 0.0 0.0 1.0 4.0 0.0 3.0 3.0 2.0 4.0 0.0 2.0 0.0 2.0 4.0 0.0 2.0 2.0 4.0 0.0 4.0 2.0 0.0 0.0 0.0
3 5.831682376311677 0.0 0.0 0.0 1.0 4.0 0.0 3.0 3.0 2.0 4.0 0.0 2.0 0.0 2.0 4.0 0.0 2.0 2.0 4.0 0.0 4.0 2.0 0.0 0.0 0.0 5.831682376311677 0.0 0.0 0.0 1.0 4.0 0.0 3.0 3.0 2.0 4.0 0.0 2.0 0.0 2.0 4.0 0.0 2.0 2.0 4.0 0.0 4.0 2.0 0.0 0.0 0.0
3 5.831682376311677 0.0 0.0 0.0 1.0 4.0 0.0 3.0 3.0 2.0 4.0 0.0 2.0 0.0 2.0 4.0 0.0 2.0 2.0 4.0 0.0 4.0 2.0 0.0 0.0 0.0 6.213049581568435 0.0 0.0 0.0 1.0 4.0 0.0 3.0 3.0 2.0 4.0 0.0 2.0 0.0 2.0 4.0 0.0 2.0 2.0 4.0 0.0 4.0 1.0 0.0 0.0 0.0
3 6.213049581568435 0.0 0.0 0.0 1.0 4.0 0.0 3.0 3.0 2.0 4.0 0.0 2.0 0.0 2.0 4.0 0.0 2.0 2.0 4.0 0.0 4.0 1.0 0.0 0.0 0.0 6.213049581568435 0.0 0.0 0.0 1.0 4.0 0.0 3.0 3.0 2.0 4.0 0.0 2.0 0.0 2.0 4.0 0.0 2.0 2.0 4.0 0.0 4.0 1.0 0.0 0.0 0.0
3 6.213049581568435 0.0 0.0 0.0 1.0 4.0 0.0 3.0 3.0 2.0 4.0 0.0 2.0 0.0 2.0 4.0 0.0 2.0 2.0 4.0 0.0 4.0 1.0 0.0 0.0 0.0 6.213049581568435 0.0 0.0 0.0 1.0 4.0 0.0 3.0 3.0 2.0 4.0 0.0 2.0 0.0 2.0 4.0 0.0 2.0 2.0 4.0 0.0 4.0 1.0 0.0 0.0 0.0
3 6.213049581568435 0.0 0.0 0.0 1.0 4.0 0.0 3.0 3.0 2.0 4.0 0.0 2.0 0.0 2.0 4.0 0.0 2.0 2.0 4.0 0.0 4.0 1.0 0.0 0.0 0.0 6.213049581568435 0.0 0.0 0.0 1.0 4.0 0.0 3.0 3.0 2.0 4.0 0.0 2.0 0.0 2.0 4.0 0.0 2.0 2.0 4.0 0.0 4.0 1.0 0.0 0.0 0.0
3 6.213049581568435 0.0 0.0 0.0 1.0 4.0 0.0 3.0 3.0 2.0 4.0 0.0 2.0 0.0 2.0 4.0 0.0 2.0 2.0 4.0 0.0 4.0 1.0 0.0 0.0 0.0 6.213049581568435 0.0 0.0 0.0 1.0 4.0 0.0 3.0 3.0 2.0 4.0 0.0 2.0 0.0 2.0 4.0 0.0 2.0 2.0 4.0 0.0 4.0 1.0 0.0 0.0 0.0
3 6.213049581568435 0.0 0.0 0.0 1.0 4.0 0.0 3.0 3.0 2.0 4.0 0.0 2.0 0.0 2.0 4.0 0.0 2.0 2.0 4.0 0.0 4.0 1.0 0.0 0.0 0.0 6.213049581568435 0.0 0.0 0.0 1.0 4.0 0.0 3.0 3.0 2.0 4.0 0.0 2.0 0.0 2.0 4.0 0.0 2.0 2.0 4.0 0.0 4.0 1.0 0.0 0.0 0.0
3 6.213049581568435 0.0 0.0 0.0 1.0 4.0 0.0 3.0 3.0 2.0 4.0 0.0 2.0 0.0 2.0 4.0 0.0 2.0 2.0 4.0 0.0 4.0 1.0 0.0 0.0 0.0 6.213049581568435 0.0 0.0 0.0 1.0 4.0 0.0 3.0 3.0 2.0 4.0 0.0 2.0 0.0 2.0 4.0 0.0 2.0 2.0 4.0 0.0 4.0 1.0 0.0 0.0 0.0
3 6.213049581568435 0.0 0.0 0.0 1.0 4.0 0.0 3.0 3.0 2.0 4.0 0.0 2.0 0.0 2.0 4.0 0.0 2.0 2.0 4.0 0.0 4.0 1.0 0.0 0.0 0.0 6.213049581568435 0.0 0.0 0.0 1.0 4.0 0.0 3.0 3.0 2.0 4.0 0.0 2.0 0.0 2.0 4.0 0.0 2.0 2.0 4.0 0.0 4.0 1.0 0.0 0.0 0.0
3 6.213049581568435 0.0 0.0 0.0 1.0 4.0 0.0 3.0 3.0 2.0 4.0 0.0 2.0 0.0 2.0 4.0 0.0 2.0 2.0 4.0 0.0 4.0 1.0 0.0 0.0 0.0 6.213049581568435 0.0 0.0 0.0 1.0 4.0 0.0 3.0 3.0 2.0 4.0 0.0 2.0 0.0 2.0 4.0 0.0 2.0 2.0 4.0 0.0 4.0 1.0 0.0 0.0 0.0
3 6.213049581568435 0.0 0.0 0.0 1.0 4.0 0.0 3.0 3.0 2.0 4.0 0.0 2.0 0.0 2.0 4.0 0.0 2.0 2.0 4.0 0.0 4.0 1.0 0.0 0.0 0.0 6.213049581568435 0.0 0.0 0.0 1.0 4.0 0.0 3.0 3.0 2.0 4.0 0.0 2.0 0.0 2.0 4.0 0.0 2.0 2.0 4.0 0.0 4.0 1.0 0.0 0.0 0.0
3 6.213049581568435 0.0 0.0 0.0 1.0 4.0 0.0 3.0 3.0 2.0 4.0 0.0 2.0 0.0 2.0 4.0 0.0 2.0 2.0 4.0 0.0 4.0 1.0 0.0 0.0 0.0 6.213049581568435 0.0 0.0 0.0 1.0 4.0 0.0 3.0 3.0 2.0 4.0 0.0 2.0 0.0 2.0 4.0 0.0 2.0 2.0 4.0 0.0 4.0 1.0 0.0 0.0 0.0
3 6.213049581568435 0.0 0.0 0.0 1.0 4.0 0.0 3.0 3.0 2.0 4.0 0.0 2.0 0.0 2.0 4.0 0.0 2.0 2.0 4.0 0.0 4.0 1.0 0.0 0.0 0.0 6.213049581568435 0.0 0.0 0.0 1.0 4.0 0.0 3.0 3.0 2.0 4.0 0.0 2.0 0.0 2.0 4.0 0.0 2.0 2.0 4.0 0.0 4.0 1.0 0.0 0.0 0.0
3 6.213049581568435 0.0 0.0 0.0 1.0 4.0 0.0 3.0 3.0 2.0 4.0 0.0 2.0 0.0 2.0 4.0 0.0 2.0 2.0 4.0 0.0 4.0 1.0 0.0 0.0 0.0 6.213049581568435 0.0 0.0 0.0 1.0 4.0 0.0 3.0 3.0 2.0 4.0 0.0 2.0 0.0 2.0 4.0 0.0 2.0 2.0 4.0 0.0 4.0 1.0 0.0 0.0 0.0
3 6.213049581568435 0.0 0.0 0.0 1.0 4.0 0.0 3.0 3.0 2.0 4.0 0.0 2.0 0.0 2.0 4.0 0.0 2.0 2.0 4.0 0.0 4.0 1.0 0.0 0.0 0.0 6.213049581568435 0.0 0.0 0.0 1.0 4.0 0.0 3.0 3.0 2.0 4.0 0.0 2.0 0.0 2.0 4.0 0.0 2.0 2.0 4.0 0.0 4.0 1.0 0.0 0.0 0.0
3 6.213049581568435 0.0 0.0 0.0 1.0 4.0 0.0 3.0 3.0 2.0 4.0 0.0 2.0 0.0 2.0 4.0 0.0 2.0 2.0 4.0 0.0 4.0 1.0 0.0 0.0 0.0 6.213049581568435 0.0 0.0 0.0 1.0 4.0 0.0 3.0 3.0 2.0 4.0 0.0 2.0 0.0 2.0 4.0 0.0 2.0 2.0 4.0 0.0 4.0 1.0 0.0 0.0 0.0
3 6.213049581568435 0.0 0.0 0.0 1.0 4.0 0.0 3.0 3.0 2.0 4.0 0.0 2.0 0.0 2.0 4.0 0.0 2.0 2.0 4.0 0.0 4.0 1.0 0.0 0.0 0.0 6.213049581568435 0.0 0.0 0.0 1.0 4.0 0.0 3.0 3.0 2.0 4.0 0.0 2.0 0.0 2.0 4.0 0.0 2.0 2.0 4.0 0.0 4.0 1.0 0.0 0.0 0.0
3 6.213049581568435 0.0 0.0 0.0 1.0 4.0 0.0 3.0 3.0 2.0 4.0 0.0 2.0 0.0 2.0 4.0 0.0 2.0 2.0 4.0 0.0 4.0 1.0 0.0 0.0 0.0 6.280226091686708 0.0 0.0 0.0 1.0 4.0 0.0 1.0 3.0 2.0 4.0 0.0 1.0 0.0 2.0 4.0 0.0 2.0 2.0 4.0 0.0 4.0 1.0 0.0 0.0 0.0
3 6.280226091686708 0.0 0.0 0.0 1.0 4.0 0.0 1.0 3.0 2.0 4.0 0.0 1.0 0.0 2.0 4.0 0.0 2.0 2.0 4.0 0.0 4.0 1.0 0.0 0.0 0.0 6.280226091686708 0.0 0.0 0.0 1.0 4.0 0.0 1.0 3.0 2.0 4.0 0.0 1.0 0.0 2.0 4.0 0.0 2.0 2.0 4.0 0.0 4.0 1.0 0.0 0.0 0.0
3 6.280226091686708 0.0 0.0 0.0 1.0 4.0 0.0 1.0 3.0 2.0 4.0 0.0 1.0 0.0 2.0 4.0 0.0 2.0 2.0 4.0 0.0 4.0 1.0 0.0 0.0 0.0 6.280226091686708 0.0 0.0 0.0 1.0 4.0 0.0 1.0 3.0 2.0 4.0 0.0 1.0 0.0 2.0 4.0 0.0 2.0 2.0 4.0 0.0 4.0 1.0 0.0 0.0 0.0
3 6.280226091686708 0.0 0.0 0.0 1.0 4.0 0.0 1.0 3.0 2.0 4.0 0.0 1.0 0.0 2.0 4.0 0.0 2.0 2.0 4.0 0.0 4.0 1.0 0.0 0.0 0.0 6.280226091686708 0.0 0.0 0.0 1.0 4.0 0.0 1.0 3.0 2.0 4.0 0.0 1.0 0.0 2.0 4.0 0.0 2.0 2.0 4.0 0.0 4.0 1.0 0.0 0.0 0.0
3 6.280226091686708 0.0 0.0 0.0 1.0 4.0 0.0 1.0 3.0 2.0 4.0 0.0 1.0 0.0 2.0 4.0 0.0 2.0 2.0 4.0 0.0 4.0 1.0 0.0 0.0 0.0 6.280226091686708 0.0 0.0 0.0 1.0 4.0 0.0 1.0 3.0 2.0 4.0 0.0 1.0 0.0 2.0 4.0 0.0 2.0 2.0 4.0 0.0 4.0 1.0 0.0 0.0 0.0
3 6.280226091686708 0.0 0.0 0.0 1.0 4.0 0.0 1.0 3.0 2.0 4.0 0.0 1.0 0.0 2.0 4.0 0.0 2.0 2.0 4.0 0.0 4.0 1.0 0.0 0.0 0.0 6.280226091686708 0.0 0.0 0.0 1.0 4.0 0.0 1.0 3.0 2.0 4.0 0.0 1.0 0.0 2.0 4.0 0.0 2.0 2.0 4.0 0.0 4.0 1.0 0.0 0.0 0.0
3 6.280226091686708 0.0 0.0 0.0 1.0 4.0 0.0 1.0 3.0 2.0 4.0 0.0 1.0 0.0 2.0 4.0 0.0 2.0 2.0 4.0 0.0 4.0 1.0 0.0 0.0 0.0 6.383988392016615 0.0 0.0 2.0 1.0 4.0 0.0 3.0 3.0 2.0 4.0 0.0 2.0 2.0 2.0 4.0 0.0 2.0 2.0 4.0 0.0 4.0 1.0 0.0 0.0 0.0
3 6.383988392016615 0.0 0.0 2.0 1.0 4.0 0.0 3.0 3.0 2.0 4.0 0.0 2.0 2.0 2.0 4.0 0.0 2.0 2.0 4.0 0.0 4.0 1.0 0.0 0.0 0.0 6.383988392016615 0.0 0.0 2.0 1.0 4.0 0.0 3.0 3.0 2.0 4.0 0.0 2.0 2.0 2.0 4.0 0.0 2.0 2.0 4.0 0.0 4.0 1.0 0.0 0.0 0.0
3 6.383988392016615 0.0 0.0 2.0 1.0 4.0 0.0 3.0 3.0 2.0 4.0 0.0 2.0 2.0 2.0 4.0 0.0 2.0 2.0 4.0 0.0 4.0 1.0 0.0 0.0 0.0 6.562612168703617 0.0 0.0 2.0 1.0 4.0 0.0 3.0 3.0 2.0 4.0 0.0 2.0 1.0 2.0 4.0 0.0 2.0 2.0 4.0 0.0 4.0 1.0 0.0 0.0 0.0
3 6.562612168703617 0.0 0.0 2.0 1.0 4.0 0.0 3.0 3.0 2.0 4.0 0.0 2.0 1.0 2.0 4.0 0.0 2.0 2.0 4.0 0.0 4.0 1.0 0.0 0.0 0.0 6.562612168703617 0.0 0.0 2.0 1.0 4.0 0.0 3.0 3.0 2.0 4.0 0.0 2.0 1.0 2.0 4.0 0.0 2.0 2.0 4.0 0.0 4.0 1.0 0.0 0.0 0.0
3 6.562612168703617 0.0 0.0 2.0 1.0 4.0 0.0 3.0 3.0 2.0 4.0 0.0 2.0 1.0 2.0 4.0 0.0 2.0 2.0 4.0 0.0 4.0 1.0 0.0 0.0 0.0 6.562612168703617 0.0 0.0 2.0 1.0 4.0 0.0 3.0 3.0 2.0 4.0 0.0 2.0 1.0 2.0 4.0 0.0 2.0 2.0 4.0 0.0 4.0 1.0 0.0 0.0 0.0
3 6.562612168703617 0.0 0.0 2.0 1.0 4.0 0.0 3.0 3.0 2.0 4.0 0.0 2.0 1.0 2.0 4.0 0.0 2.0 2.0 4.0 0.0 4.0 1.0 0.0 0.0 0.0 6.562612168703617 0.0 0.0 2.0 1.0 4.0 0.0 3.0 3.0 2.0 4.0 0.0 2.0 1.0 2.0 4.0 0.0 2.0 2.0 4.0 0.0 4.0 1.0 0.0 0.0 0.0
3 6.562612168703617 0.0 0.0 2.0 1.0 4.0 0.0 3.0 3.0 2.0 4.0 0.0 2.0 1.0 2.0 4.0 0.0 2.0 2.0 4.0 0.0 4.0 1.0 0.0 0.0 0.0 6.562612168703617 0.0 0.0 2.0 1.0 4.0 0.0 3.0 3.0 2.0 4.0 0.0 2.0 1.0 2.0 4.0 0.0 2.0 2.0 4.0 0.0 4.0 1.0 0.0 0.0 0.0
3 6.562612168703617 0.0 0.0 2.0 1.0 4.0 0.0 3.0 3.0 2.0 4.0 0.0 2.0 1.0 2.0 4.0 0.0 2.0 2.0 4.0 0.0 4.0 1.0 0.0 0.0 0.0 6.562612168703617 0.0 0.0 2.0 1.0 4.0 0.0 3.0 3.0 2.0 4.0 0.0 2.0 1.0 2.0 4.0 0.0 2.0 2.0 4.0 0.0 4.0 1.0 0.0 0.0 0.0
3 6.562612168703617 0.0 0.0 2.0 1.0 4.0 0.0 3.0 3.0 2.0 4.0 0.0 2.0 1.0 2.0 4.0 0.0 2.0 2.0 4.0 0.0 4.0 1.0 0.0 0.0 0.0 6.562612168703617 0.0 0.0 2.0 1.0 4.0 0.0 3.0 3.0 2.0 4.0 0.0 2.0 1.0 2.0 4.0 0.0 2.0 2.0 4.0 0.0 4.0 1.0 0.0 0.0 0.0
3 6.562612168703617 0.0 0.0 2.0 1.0 4.0 0.0 3.0 3.0 2.0 4.0 0.0 2.0 1.0 2.0 4.0 0.0 2.0 2.0 4.0 0.0 4.0 1.0 0.0 0.0 0.0 6.562612168703617 0.0 0.0 2.0 1.0 4.0 0.0 3.0 3.0 2.0 4.0 0.0 2.0 1.0 2.0 4.0 0.0 2.0 2.0 4.0 0.0 4.0 1.0 0.0 0.0 0.0
3 6.562612168703617 0.0 0.0 2.0 1.0 4.0 0.0 3.0 3.0 2.0 4.0 0.0 2.0 1.0 2.0 4.0 0.0 2.0 2.0 4.0 0.0 4.0 1.0 0.0 0.0 0.0 6.562612168703617 0.0 0.0 2.0 1.0 4.0 0.0 3.0 3.0 2.0 4.0 0.0 2.0 1.0 2.0 4.0 0.0 2.0 2.0 4.0 0.0 4.0 1.0 0.0 0.0 0.0
3 6.562612168703617 0.0 0.0 2.0 1.0 4.0 0.0 3.0 3.0 2.0 4.0 0.0 2.0 1.0 2.0 4.0 0.0 2.0 2.0 4.0 0.0 4.0 1.0 0.0 0.0 0.0 6.562612168703617 0.0 0.0 2.0 1.0 4.0 0.0 3.0 3.0 2.0 4.0 0.0 2.0 1.0 2.0 4.0 0.0 2.0 2.0 4.0 0.0 4.0 1.0 0.0 0.0 0.0
3 6.562612168703617 0.0 0.0 2.0 1.0 4.0 0.0 3.0 3.0 2.0 4.0 0.0 2.0 1.0 2.0 4.0 0.0 2.0 2.0 4.0 0.0 4.0 1.0 0.0 0.0 0.0 6.562612168703617 0.0 0.0 2.0 1.0 4.0 0.0 3.0 3.0 2.0 4.0 0.0 2.0 1.0 2.0 4.0 0.0 2.0 2.0 4.0 0.0 4.0 1.0 0.0 0.0 0.0
3 6.562612168703617 0.0 0.0 2.0 1.0 4.0 0.0 3.0 3.0 2.0 4.0 0.0 2.0 1.0 2.0 4.0 0.0 2.0 2.0 4.0 0.0 4.0 1.0 0.0 0.0 0.0 6.562612168703617 0.0 0.0 2.0 1.0 4.0 0.0 3.0 3.0 2.0 4.0 0.0 2.0 1.0 2.0 4.0 0.0 2.0 2.0 4.0 0.0 4.0 1.0 0.0 0.0 0.0
3 6.562612168703617 0.0 0.0 2.0 1.0 4.0 0.0 3.0 3.0 2.0 4.0 0.0 2.0 1.0 2.0 4.0 0.0 2.0 2.0 4.0 0.0 4.0 1.0 0.0 0.0 0.0 6.562612168703617 0.0 0.0 2.0 1.0 4.0 0.0 3.0 3.0 2.0 4.0 0.0 2.0 1.0 2.0 4.0 0.0 2.0 2.0 4.0 0.0 4.0 1.0 0.0 0.0 0.0
3 6.562612168703617 0.0 0.0 2.0 1.0 4.0 0.0 3.0 3.0 2.0 4.0 0.0 2.0 1.0 2.0 4.0 0.0 2.0 2.0 4.0 0.0 4.0 1.0 0.0 0.0 0.0 6.562612168703617 0.0 0.0 2.0 1.0 4.0 0.0 3.0 3.0 2.0 4.0 0.0 2.0 1.0 2.0 4.0 0.0 2.0 2.0 4.0 0.0 4.0 1.0 0.0 0.0 0.0
3 6.562612168703617 0.0 0.0 2.0 1.0 4.0 0.0 3.0 3.0 2.0 4.0 0.0 2.0 1.0 2.0 4.0 0.0 2.0 2.0 4.0 0.0 4.0 1.0 0.0 0.0 0.0 6.562612168703617 0.0 0.0 2.0 1.0 4.0 0.0 3.0 3.0 2.0 4.0 0.0 2.0 1.0 2.0 4.0 0.0 2.0 2.0 4.0 0.0 4.0 1.0 0.0 0.0 0.0
3 6.562612168703617 0.0 0.0 2.0 1.0 4.0 0.0 3.0 3.0 2.0 4.0 0.0 2.0 1.0 2.0 4.0 0.0 2.0 2.0 4.0 0.0 4.0 1.0 0.0 0.0 0.0 6.562612168703617 0.0 0.0 2.0 1.0 4.0 0.0 3.0 3.0 2.0 4.0 0.0 2.0 1.0 2.0 4.0 0.0 2.0 2.0 4.0 0.0 4.0 1.0 0.0 0.0 0.0
3 6.562612168703617 0.0 0.0 2.0 1.0 4.0 0.0 3.0 3.0 2.0 4.0 0.0 2.0 1.0 2.0 4.0 0.0 2.0 2.0 4.0 0.0 4.0 1.0 0.0 0.0 0.0 6.562612168703617 0.0 0.0 2.0 1.0 4.0 0.0 3.0 3.0 2.0 4.0 0.0 2.0 1.0 2.0 4.0 0.0 2.0 2.0 4.0 0.0 4.0 1.0 0.0 0.0 0.0
3 6.562612168703617 0.0 0.0 2.0 1.0 4.0 0.0 3.0 3.0 2.0 4.0 0.0 2.0 1.0 2.0 4.0 0.0 2.0 2.0 4.0 0.0 4.0 1.0 0.0 0.0 0.0 6.562612168703617 0.0 0.0 2.0 1.0 4.0 0.0 3.0 3.0 2.0 4.0 0.0 2.0 1.0 2.0 4.0 0.0 2.0 2.0 4.0 0.0 4.0 1.0 0.0 0.0 0.0
3 6.562612168703617 0.0 0.0 2.0 1.0 4.0 0.0 3.0 3.0 2.0 4.0 0.0 2.0 1.0 2.0 4.0 0.0 2.0 2.0 4.0 0.0 4.0 1.0 0.0 0.0 0.0 6.562612168703617 0.0 0.0 2.0 1.0 4.0 0.0 3.0 3.0 2.0 4.0 0.0 2.0 1.0 2.0 4.0 0.0 2.0 2.0 4.0 0.0 4.0 1.0 0.0 0.0 0.0
3 6.562612168703617 0.0 0.0 2.0 1.0 4.0 0.0 3.0 3.0 2.0 4.0 0.0 2.0 1.0 2.0 4.0 0.0 2.0 2.0 4.0 0.0 4.0 1.0 0.0 0.0 0.0 6.562612168703617 0.0 0.0 2.0 1.0 4.0 0.0 3.0 3.0 2.0 4.0 0.0 2.0 1.0 2.0 4.0 0.0 2.0 2.0 4.0 0.0 4.0 1.0 0.0 0.0 0.0
3 6.562612168703617 0.0 0.0 2.0 1.0 4.0 0.0 3.0 3.0 2.0 4.0 0.0 2.0 1.0 2.0 4.0 0.0 2.0 2.0 4.0 0.0 4.0 1.0 0.0 0.0 0.0 6.562612168703617 0.0 0.0 2.0 1.0 4.0 0.0 3.0 3.0 2.0 4.0 0.0 2.0 1.0 2.0 4.0 0.0 2.0 2.0 4.0 0.0 4.0 1.0 0.0 0.0 0.0
3 6.562612168703617 0.0 0.0 2.0 1.0 4.0 0.0 3.0 3.0 2.0 4.0 0.0 2.0 1.0 2.0 4.0 0.0 2.0 2.0 4.0 0.0 4.0 1.0 0.0 0.0 0.0 6.562612168703617 0.0 0.0 2.0 1.0 4.0 0.0 3.0 3.0 2.0 4.0 0.0 2.0 1.0 2.0 4.0 0.0 2.0 2.0 4.0 0.0 4.0 1.0 0.0 0.0 0.0
3 6.562612168703617 0.0 0.0 2.0 1.0 4.0 0.0 3.0 3.0 2.0 4.0 0.0 2.0 1.0 2.0 4.0 0.0 2.0 2.0 4.0 0.0 4.0 1.0 0.0 0.0 0.0 6.562612168703617 0.0 0.0 2.0 1.0 4.0 0.0 3.0 3.0 2.0 4.0 0.0 2.0 1.0 2.0 4.0 0.0 2.0 2.0 4.0 0.0 4.0 1.0 0.0 0.0 0.0
3 6.562612168703617 0.0 0.0 2.0 1.0 4.0 0.0 3.0 3.0 2.0 4.0 0.0 2.0 1.0 2.0 4.0 0.0 2.0 2.0 4.0 0.0 4.0 1.0 0.0 0.0 0.0 6.562612168703617 0.0 0.0 2.0 1.0 4.0 0.0 3.0 3.0 2.0 4.0 0.0 2.0 1.0 2.0 4.0 0.0 2.0 2.0 4.0 0.0 4.0 1.0 0.0 0.0 0.0
3 6.562612168703617 0.0 0.0 2.0 1.0 4.0 0.0 3.0 3.0 2.0 4.0 0.0 2.0 1.0 2.0 4.0 0.0 2.0 2.0 4.0 0.0 4.0 1.0 0.0 0.0 0.0 6.562612168703617 0.0 0.0 2.0 1.0 4.0 0.0 3.0 3.0 2.0 4.0 0.0 2.0 1.0 2.0 4.0 0.0 2.0 2.0 4.0 0.0 4.0 1.0 0.0 0.0 0.0
3 6.562612168703617 0.0 0.0 2.0 1.0 4.0 0.0 3.0 3.0 2.0 4.0 0.0 2.0 1.0 2.0 4.0 0.0 2.0 2.0 4.0 0.0 4.0 1.0 0.0 0.0 0.0 6.562612168703617 0.0 0.0 2.0 1.0 4.0 0.0 3.0 3.0 2.0 4.0 0.0 2.0 1.0 2.0 4.0 0.0 2.0 2.0 4.0 0.0 4.0 1.0 0.0 0.0 0.0
3 6.562612168703617 0.0 0.0 2.0 1.0 4.0 0.0 3.0 3.0 2.0 4.0 0.0 2.0 1.0 2.0 4.0 0.0 2.0 2.0 4.0 0.0 4.0 1.0 0.0 0.0 0.0 6.562612168703617 0.0 0.0 2.0 1.0 4.0 0.0 3.0 3.0 2.0 4.0 0.0 2.0 1.0 2.0 4.0 0.0 2.0 2.0 4.0 0.0 4.0 1.0 0.0 0.0 0.0
3 6.562612168703617 0.0 0.0 2.0 1.0 4.0 0.0 3.0 3.0 2.0 4.0 0.0 2.0 1.0 2.0 4.0 0.0 2.0 2.0 4.0 0.0 4.0 1.0 0.0 0.0 0.0 6.562612168703617 0.0 0.0 2.0 1.0 4.0 0.0 3.0 3.0 2.0 4.0 0.0 2.0 1.0 2.0 4.0 0.0 2.0 2.0 4.0 0.0 4.0 1.0 0.0 0.0 0.0
3 6.562612168703617 0.0 0.0 2.0 1.0 4.0 0.0 3.0 3.0 2.0 4.0 0.0 2.0 1.0 2.0 4.0 0.0 2.0 2.0 4.0 0.0 4.0 1.0 0.0 0.0 0.0 6.562612168703617 0.0 0.0 2.0 1.0 4.0 0.0 3.0 3.0 2.0 4.0 0.0 2.0 1.0 2.0 4.0 0.0 2.0 2.0 4.0 0.0 4.0 1.0 0.0 0.0 0.0
3 6.562612168703617 0.0 0.0 2.0 1.0 4.0 0.0 3.0 3.0 2.0 4.0 0.0 2.0 1.0 2.0 4.0 0.0 2.0 2.0 4.0 0.0 4.0 1.0 0.0 0.0 0.0 6.562612168703617 0.0 0.0 2.0 1.0 4.0 0.0 3.0 3.0 2.0 4.0 0.0 2.0 1.0 2.0 4.0 0.0 2.0 2.0 4.0 0.0 4.0 1.0 0.0 0.0 0.0
3 6.562612168703617 0.0 0.0 2.0 1.0 4.0 0.0 3.0 3.0 2.0 4.0 0.0 2.0 1.0 2.0 4.0 0.0 2.0 2.0 4.0 0.0 4.0 1.0 0.0 0.0 0.0 6.562612168703617 0.0 0.0 2.0 1.0 4.0 0.0 3.0 3.0 2.0 4.0 0.0 2.0 1.0 2.0 4.0 0.0 2.0 2.0 4.0 0.0 4.0 1.0 0.0 0.0 0.0
3 6.562612168703617 0.0 0.0 2.0 1.0 4.0 0.0 3.0 3.0 2.0 4.0 0.0 2.0 1.0 2.0 4.0 0.0 2.0 2.0 4.0 0.0 4.0 1.0 0.0 0.0 0.0 6.562612168703617 0.0 0.0 2.0 1.0 4.0 0.0 3.0 3.0 2.0 4.0 0.0 2.0 1.0 2.0 4.0 0.0 2.0 2.0 4.0 0.0 4.0 1.0 0.0 0.0 0.0
3 6.562612168703617 0.0 0.0 2.0 1.0 4.0 0.0 3.0 3.0 2.0 4.0 0.0 2.0 1.0 2.0 4.0 0.0 2.0 2.0 4.0 0.0 4.0 1.0 0.0 0.0 0.0 6.562612168703617 0.0 0.0 2.0 1.0 4.0 0.0 3.0 3.0 2.0 4.0 0.0 2.0 1.0 2.0 4.0 0.0 2.0 2.0 4.0 0.0 4.0 1.0 0.0 0.0 0.0
3 6.562612168703617 0.0 0.0 2.0 1.0 4.0 0.0 3.0 3.0 2.0 4.0 0.0 2.0 1.0 2.0 4.0 0.0 2.0 2.0 4.0 0.0 4.0 1.0 0.0 0.0 0.0 6.562612168703617 0.0 0.0 2.0 1.0 4.0 0.0 3.0 3.0 2.0 4.0 0.0 2.0 1.0 2.0 4.0 0.0 2.0 2.0 4.0 0.0 4.0 1.0 0.0 0.0 0.0
3 6.562612168703617 0.0 0.0 2.0 1.0 4.0 0.0 3.0 3.0 2.0 4.0 0.0 2.0 1.0 2.0 4.0 0.0 2.0 2.0 4.0 0.0 4.0 1.0 0.0 0.0 0.0 6.613871305140661 0.0 0.0 2.0 4.0 4.0 0.0 3.0 3.0 4.0 4.0 0.0 3.0 2.0 2.0 4.0 4.0 2.0 2.0 4.0 0.0 4.0 1.0 0.0 0.0 0.0
3 6.613871305140661 0.0 0.0 2.0 4.0 4.0 0.0 3.0 3.0 4.0 4.0 0.0 3.0 2.0 2.0 4.0 4.0 2.0 2.0 4.0 0.0 4.0 1.0 0.0 0.0 0.0 6.613871305140661 0.0 0.0 2.0 4.0 4.0 0.0 3.0 3.0 4.0 4.0 0.0 3.0 2.0 2.0 4.0 4.0 2.0 2.0 4.0 0.0 4.0 1.0 0.0 0.0 0.0
