Run Value_Current_Best Current_Best 25 Value_Solution_At_Iteration Solution_At_Iteration
2 1.9494382197266178 2.0 4.0 3.0 0.0 0.0 0.0 3.0 1.0 0.0 0.0 2.0 2.0 4.0 1.0 1.0 0.0 0.0 1.0 0.0 0.0 0.0 4.0 3.0 2.0 4.0 1.9494382197266178 2.0 4.0 3.0 0.0 0.0 0.0 3.0 1.0 0.0 0.0 2.0 2.0 4.0 1.0 1.0 0.0 0.0 1.0 0.0 0.0 0.0 4.0 3.0 2.0 4.0
2 1.9494382197266178 2.0 4.0 3.0 0.0 0.0 0.0 3.0 1.0 0.0 0.0 2.0 2.0 4.0 1.0 1.0 0.0 0.0 1.0 0.0 0.0 0.0 4.0 3.0 2.0 4.0 1.9494382197266178 2.0 4.0 3.0 0.0 0.0 0.0 3.0 1.0 0.0 0.0 2.0 2.0 4.0 1.0 1.0 0.0 0.0 1.0 0.0 0.0 0.0 4.0 3.0 2.0 4.0
2 1.9494382197266178 2.0 4.0 3.0 0.0 0.0 0.0 3.0 1.0 0.0 0.0 2.0 2.0 4.0 1.0 1.0 0.0 0.0 1.0 0.0 0.0 0.0 4.0 3.0 2.0 4.0 1.9494382197266178 2.0 4.0 3.0 0.0 0.0 0.0 3.0 1.0 0.0 0.0 2.0 2.0 4.0 1.0 1.0 0.0 0.0 1.0 0.0 0.0 0.0 4.0 3.0 2.0 4.0
2 1.9494382197266178 2.0 4.0 3.0 0.0 0.0 0.0 3.0 1.0 0.0 0.0 2.0 2.0 4.0 1.0 1.0 0.0 0.0 1.0 0.0 0.0 0.0 4.0 3.0 2.0 4.0 2.2563482329696245 0.0 3.0 4.0 3.0 3.0 0.0 0.0 2.0 4.0 4.0 4.0 3.0 2.0 3.0 3.0 4.0 4.0 4.0 1.0 4.0 0.0 0.0 1.0 0.0 0.0
2 2.2563482329696245 0.0 3.0 4.0 3.0 3.0 0.0 0.0 2.0 4.0 4.0 4.0 3.0 2.0 3.0 3.0 4.0 4.0 4.0 1.0 4.0 0.0 0.0 1.0 0.0 0.0 2.2563482329696245 0.0 3.0 4.0 3.0 3.0 0.0 0.0 2.0 4.0 4.0 4.0 3.0 2.0 3.0 3.0 4.0 4.0 4.0 1.0 4.0 0.0 0.0 1.0 0.0 0.0
2 2.2563482329696245 0.0 3.0 4.0 3.0 3.0 0.0 0.0 2.0 4.0 4.0 4.0 3.0 2.0 3.0 3.0 4.0 4.0 4.0 1.0 4.0 0.0 0.0 1.0 0.0 0.0 2.2563482329696245 0.0 3.0 4.0 3.0 3.0 0.0 0.0 2.0 4.0 4.0 4.0 3.0 2.0 3.0 3.0 4.0 4.0 4.0 1.0 4.0 0.0 0.0 1.0 0.0 0.0
2 2.2563482329696245 0.0 3.0 4.0 3.0 3.0 0.0 0.0 2.0 4.0 4.0 4.0 3.0 2.0 3.0 3.0 4.0 4.0 4.0 1.0 4.0 0.0 0.0 1.0 0.0 0.0 2.3085335552377653 0.0 3.0 4.0 3.0 3.0 0.0 3.0 2.0 4.0 0.0 4.0 3.0 2.0 3.0 3.0 4.0 4.0 4.0 1.0 4.0 0.0 0.0 1.0 0.0 0.0
2 2.3085335552377653 0.0 3.0 4.0 3.0 3.0 0.0 3.0 2.0 4.0 0.0 4.0 3.0 2.0 3.0 3.0 4.0 4.0 4.0 1.0 4.0 0.0 0.0 1.0 0.0 0.0 2.3085335552377653 0.0 3.0 4.0 3.0 3.0 0.0 3.0 2.0 4.0 0.0 4.0 3.0 2.0 3.0 3.0 4.0 4.0 4.0 1.0 4.0 0.0 0.0 1.0 0.0 0.0
2 2.3085335552377653 0.0 3.0 4.0 3.0 3.0 0.0 3.0 2.0 4.0 0.0 4.0 3.0 2.0 3.0 3.0 4.0 4.0 4.0 1.0 4.0 0.0 0.0 1.0 0.0 0.0 2.99121491350008 0.0 3.0 4.0 3.0 3.0 0.0 3.0 3.0 4.0 0.0 4.0 3.0 2.0 3.0 3.0 4.0 4.0 4.0 1.0 4.0 0.0 0.0 4.0 0.0 0.0
2 2.99121491350008 0.0 3.0 4.0 3.0 3.0 0.0 3.0 3.0 4.0 0.0 4.0 3.0 2.0 3.0 3.0 4.0 4.0 4.0 1.0 4.0 0.0 0.0 4.0 0.0 0.0 2.99121491350008 0.0 3.0 4.0 3.0 3.0 0.0 3.0 3.0 4.0 0.0 4.0 3.0 2.0 3.0 3.0 4.0 4.0 4.0 1.0 4.0 0.0 0.0 4.0 0.0 0.0
2 2.99121491350008 0.0 3.0 4.0 3.0 3.0 0.0 3.0 3.0 4.0 0.0 4.0 3.0 2.0 3.0 3.0 4.0 4.0 4.0 1.0 4.0 0.0 0.0 4.0 0.0 0.0 2.99121491350008 0.0 3.0 4.0 3.0 3.0 0.0 3.0 3.0 4.0 0.0 4.0 3.0 2.0 3.0 3.0 4.0 4.0 4.0 1.0 4.0 0.0 0.0 4.0 0.0 0.0
2 2.99121491350008 0.0 3.0 4.0 3.0 3.0 0.0 3.0 3.0 4.0 0.0 4.0 3.0 2.0 3.0 3.0 4.0 4.0 4.0 1.0 4.0 0.0 0.0 4.0 0.0 0.0 2.99121491350008 0.0 3.0 4.0 3.0 3.0 0.0 3.0 3.0 4.0 0.0 4.0 3.0 2.0 3.0 3.0 4.0 4.0 4.0 1.0 4.0 0.0 0.0 4.0 0.0 0.0
2 2.99121491350008 0.0 3.0 4.0 3.0 3.0 0.0 3.0 3.0 4.0 0.0 4.0 3.0 2.0 3.0 3.0 4.0 4.0 4.0 1.0 4.0 0.0 0.0 4.0 0.0 0.0 2.99121491350008 0.0 3.0 4.0 3.0 3.0 0.0 3.0 3.0 4.0 0.0 4.0 3.0 2.0 3.0 3.0 4.0 4.0 4.0 1.0 4.0 0.0 0.0 4.0 0.0 0.0
2 2.99121491350008 0.0 3.0 4.0 3.0 3.0 0.0 3.0 3.0 4.0 0.0 4.0 3.0 2.0 3.0 3.0 4.0 4.0 4.0 1.0 4.0 0.0 0.0 4.0 0.0 0.0 2.99121491350008 0.0 3.0 4.0 3.0 3.0 0.0 3.0 3.0 4.0 0.0 4.0 3.0 2.0 3.0 3.0 4.0 4.0 4.0 1.0 4.0 0.0 0.0 4.0 0.0 0.0
2 2.99121491350008 0.0 3.0 4.0 3.0 3.0 0.0 3.0 3.0 4.0 0.0 4.0 3.0 2.0 3.0 3.0 4.0 4.0 4.0 1.0 4.0 0.0 0.0 4.0 0.0 0.0 2.99121491350008 0.0 3.0 4.0 3.0 3.0 0.0 3.0 3.0 4.0 0.0 4.0 3.0 2.0 3.0 3.0 4.0 4.0 4.0 1.0 4.0 0.0 0.0 4.0 0.0 0.0
2 2.99121491350008 0.0 3.0 4.0 3.0 3.0 0.0 3.0 3.0 4.0 0.0 4.0 3.0 2.0 3.0 3.0 4.0 4.0 4.0 1.0 4.0 0.0 0.0 4.0 0.0 0.0 2.99121491350008 0.0 3.0 4.0 3.0 3.0 0.0 3.0 3.0 4.0 0.0 4.0 3.0 2.0 3.0 3.0 4.0 4.0 4.0 1.0 4.0 0.0 0.0 4.0 0.0 0.0
2 2.99121491350008 0.0 3.0 4.0 3.0 3.0 0.0 3.0 3.0 4.0 0.0 4.0 3.0 2.0 3.0 3.0 4.0 4.0 4.0 1.0 4.0 0.0 0.0 4.0 0.0 0.0 2.99121491350008 0.0 3.0 4.0 3.0 3.0 0.0 3.0 3.0 4.0 0.0 4.0 3.0 2.0 3.0 3.0 4.0 4.0 4.0 1.0 4.0 0.0 0.0 4.0 0.0 0.0
2 2.99121491350008 0.0 3.0 4.0 3.0 3.0 0.0 3.0 3.0 4.0 0.0 4.0 3.0 2.0 3.0 3.0 4.0 4.0 4.0 1.0 4.0 0.0 0.0 4.0 0.0 0.0 2.99121491350008 0.0 3.0 4.0 3.0 3.0 0.0 3.0 3.0 4.0 0.0 4.0 3.0 2.0 3.0 3.0 4.0 4.0 4.0 1.0 4.0 0.0 0.0 4.0 0.0 0.0
2 2.99121491350008 0.0 3.0 4.0 3.0 3.0 0.0 3.0 3.0 4.0 0.0 4.0 3.0 2.0 3.0 3.0 4.0 4.0 4.0 1.0 4.0 0.0 0.0 4.0 0.0 0.0 2.99121491350008 0.0 3.0 4.0 3.0 3.0 0.0 3.0 3.0 4.0 0.0 4.0 3.0 2.0 3.0 3.0 4.0 4.0 4.0 1.0 4.0 0.0 0.0 4.0 0.0 0.0
2 2.99121491350008 0.0 3.0 4.0 3.0 3.0 0.0 3.0 3.0 4.0 0.0 4.0 3.0 2.0 3.0 3.0 4.0 4.0 4.0 1.0 4.0 0.0 0.0 4.0 0.0 0.0 2.99121491350008 0.0 3.0 4.0 3.0 3.0 0.0 3.0 3.0 4.0 0.0 4.0 3.0 2.0 3.0 3.0 4.0 4.0 4.0 1.0 4.0 0.0 0.0 4.0 0.0 0.0
2 2.99121491350008 0.0 3.0 4.0 3.0 3.0 0.0 3.0 3.0 4.0 0.0 4.0 3.0 2.0 3.0 3.0 4.0 4.0 4.0 1.0 4.0 0.0 0.0 4.0 0.0 0.0 2.99121491350008 0.0 3.0 4.0 3.0 3.0 0.0 3.0 3.0 4.0 0.0 4.0 3.0 2.0 3.0 3.0 4.0 4.0 4.0 1.0 4.0 0.0 0.0 4.0 0.0 0.0
2 2.99121491350008 0.0 3.0 4.0 3.0 3.0 0.0 3.0 3.0 4.0 0.0 4.0 3.0 2.0 3.0 3.0 4.0 4.0 4.0 1.0 4.0 0.0 0.0 4.0 0.0 0.0 2.99121491350008 0.0 3.0 4.0 3.0 3.0 0.0 3.0 3.0 4.0 0.0 4.0 3.0 2.0 3.0 3.0 4.0 4.0 4.0 1.0 4.0 0.0 0.0 4.0 0.0 0.0
2 2.99121491350008 0.0 3.0 4.0 3.0 3.0 0.0 3.0 3.0 4.0 0.0 4.0 3.0 2.0 3.0 3.0 4.0 4.0 4.0 1.0 4.0 0.0 0.0 4.0 0.0 0.0 2.99121491350008 0.0 3.0 4.0 3.0 3.0 0.0 3.0 3.0 4.0 0.0 4.0 3.0 2.0 3.0 3.0 4.0 4.0 4.0 1.0 4.0 0.0 0.0 4.0 0.0 0.0
2 2.99121491350008 0.0 3.0 4.0 3.0 3.0 0.0 3.0 3.0 4.0 0.0 4.0 3.0 2.0 3.0 3.0 4.0 4.0 4.0 1.0 4.0 0.0 0.0 4.0 0.0 0.0 2.99121491350008 0.0 3.0 4.0 3.0 3.0 0.0 3.0 3.0 4.0 0.0 4.0 3.0 2.0 3.0 3.0 4.0 4.0 4.0 1.0 4.0 0.0 0.0 4.0 0.0 0.0
2 2.99121491350008 0.0 3.0 4.0 3.0 3.0 0.0 3.0 3.0 4.0 0.0 4.0 3.0 2.0 3.0 3.0 4.0 4.0 4.0 1.0 4.0 0.0 0.0 4.0 0.0 0.0 3.0163134846001958 0.0 3.0 4.0 0.0 3.0 0.0 0.0 2.0 4.0 4.0 1.0 0.0 4.0 3.0 4.0 4.0 4.0 4.0 1.0 0.0 3.0 0.0 2.0 0.0 0.0
2 3.0163134846001958 0.0 3.0 4.0 0.0 3.0 0.0 0.0 2.0 4.0 4.0 1.0 0.0 4.0 3.0 4.0 4.0 4.0 4.0 1.0 0.0 3.0 0.0 2.0 0.0 0.0 3.0163134846001958 0.0 3.0 4.0 0.0 3.0 0.0 0.0 2.0 4.0 4.0 1.0 0.0 4.0 3.0 4.0 4.0 4.0 4.0 1.0 0.0 3.0 0.0 2.0 0.0 0.0
2 3.0163134846001958 0.0 3.0 4.0 0.0 3.0 0.0 0.0 2.0 4.0 4.0 1.0 0.0 4.0 3.0 4.0 4.0 4.0 4.0 1.0 0.0 3.0 0.0 2.0 0.0 0.0 3.0163134846001958 0.0 3.0 4.0 0.0 3.0 0.0 0.0 2.0 4.0 4.0 1.0 0.0 4.0 3.0 4.0 4.0 4.0 4.0 1.0 0.0 3.0 0.0 2.0 0.0 0.0
2 3.0163134846001958 0.0 3.0 4.0 0.0 3.0 0.0 0.0 2.0 4.0 4.0 1.0 0.0 4.0 3.0 4.0 4.0 4.0 4.0 1.0 0.0 3.0 0.0 2.0 0.0 0.0 3.0163134846001958 0.0 3.0 4.0 0.0 3.0 0.0 0.0 2.0 4.0 4.0 1.0 0.0 4.0 3.0 4.0 4.0 4.0 4.0 1.0 0.0 3.0 0.0 2.0 0.0 0.0
2 3.0163134846001958 0.0 3.0 4.0 0.0 3.0 0.0 0.0 2.0 4.0 4.0 1.0 0.0 4.0 3.0 4.0 4.0 4.0 4.0 1.0 0.0 3.0 0.0 2.0 0.0 0.0 3.0163134846001958 0.0 3.0 4.0 0.0 3.0 0.0 0.0 2.0 4.0 4.0 1.0 0.0 4.0 3.0 4.0 4.0 4.0 4.0 1.0 0.0 3.0 0.0 2.0 0.0 0.0
2 3.0163134846001958 0.0 3.0 4.0 0.0 3.0 0.0 0.0 2.0 4.0 4.0 1.0 0.0 4.0 3.0 4.0 4.0 4.0 4.0 1.0 0.0 3.0 0.0 2.0 0.0 0.0 3.0163134846001958 0.0 3.0 4.0 0.0 3.0 0.0 0.0 2.0 4.0 4.0 1.0 0.0 4.0 3.0 4.0 4.0 4.0 4.0 1.0 0.0 3.0 0.0 2.0 0.0 0.0
2 3.0163134846001958 0.0 3.0 4.0 0.0 3.0 0.0 0.0 2.0 4.0 4.0 1.0 0.0 4.0 3.0 4.0 4.0 4.0 4.0 1.0 0.0 3.0 0.0 2.0 0.0 0.0 3.0163134846001958 0.0 3.0 4.0 0.0 3.0 0.0 0.0 2.0 4.0 4.0 1.0 0.0 4.0 3.0 4.0 4.0 4.0 4.0 1.0 0.0 3.0 0.0 2.0 0.0 0.0
2 3.0163134846001958 0.0 3.0 4.0 0.0 3.0 0.0 0.0 2.0 4.0 4.0 1.0 0.0 4.0 3.0 4.0 4.0 4.0 4.0 1.0 0.0 3.0 0.0 2.0 0.0 0.0 3.0163134846001958 0.0 3.0 4.0 0.0 3.0 0.0 0.0 2.0 4.0 4.0 1.0 0.0 4.0 3.0 4.0 4.0 4.0 4.0 1.0 0.0 3.0 0.0 2.0 0.0 0.0
2 3.0163134846001958 0.0 3.0 4.0 0.0 3.0 0.0 0.0 2.0 4.0 4.0 1.0 0.0 4.0 3.0 4.0 4.0 4.0 4.0 1.0 0.0 3.0 0.0 2.0 0.0 0.0 3.0163134846001958 0.0 3.0 4.0 0.0 3.0 0.0 0.0 2.0 4.0 4.0 1.0 0.0 4.0 3.0 4.0 4.0 4.0 4.0 1.0 0.0 3.0 0.0 2.0 0.0 0.0
2 3.0163134846001958 0.0 3.0 4.0 0.0 3.0 0.0 0.0 2.0 4.0 4.0 1.0 0.0 4.0 3.0 4.0 4.0 4.0 4.0 1.0 0.0 3.0 0.0 2.0 0.0 0.0 3.0163134846001958 0.0 3.0 4.0 0.0 3.0 0.0 0.0 2.0 4.0 4.0 1.0 0.0 4.0 3.0 4.0 4.0 4.0 4.0 1.0 0.0 3.0 0.0 2.0 0.0 0.0
2 3.0163134846001958 0.0 3.0 4.0 0.0 3.0 0.0 0.0 2.0 4.0 4.0 1.0 0.0 4.0 3.0 4.0 4.0 4.0 4.0 1.0 0.0 3.0 0.0 2.0 0.0 0.0 4.180804583102738 0.0 3.0 4.0 0.0 3.0 0.0 0.0 2.0 4.0 4.0 1.0 0.0 4.0 3.0 4.0 4.0 4.0 4.0 4.0 0.0 3.0 0.0 2.0 0.0 0.0
2 4.180804583102738 0.0 3.0 4.0 0.0 3.0 0.0 0.0 2.0 4.0 4.0 1.0 0.0 4.0 3.0 4.0 4.0 4.0 4.0 4.0 0.0 3.0 0.0 2.0 0.0 0.0 4.180804583102738 0.0 3.0 4.0 0.0 3.0 0.0 0.0 2.0 4.0 4.0 1.0 0.0 4.0 3.0 4.0 4.0 4.0 4.0 4.0 0.0 3.0 0.0 2.0 0.0 0.0
2 4.180804583102738 0.0 3.0 4.0 0.0 3.0 0.0 0.0 2.0 4.0 4.0 1.0 0.0 4.0 3.0 4.0 4.0 4.0 4.0 4.0 0.0 3.0 0.0 2.0 0.0 0.0 4.180804583102738 0.0 3.0 4.0 0.0 3.0 0.0 0.0 2.0 4.0 4.0 1.0 0.0 4.0 3.0 4.0 4.0 4.0 4.0 4.0 0.0 3.0 0.0 2.0 0.0 0.0
2 4.180804583102738 0.0 3.0 4.0 0.0 3.0 0.0 0.0 2.0 4.0 4.0 1.0 0.0 4.0 3.0 4.0 4.0 4.0 4.0 4.0 0.0 3.0 0.0 2.0 0.0 0.0 4.180804583102738 0.0 3.0 4.0 0.0 3.0 0.0 0.0 2.0 4.0 4.0 1.0 0.0 4.0 3.0 4.0 4.0 4.0 4.0 4.0 0.0 3.0 0.0 2.0 0.0 0.0
2 4.180804583102738 0.0 3.0 4.0 0.0 3.0 0.0 0.0 2.0 4.0 4.0 1.0 0.0 4.0 3.0 4.0 4.0 4.0 4.0 4.0 0.0 3.0 0.0 2.0 0.0 0.0 4.180804583102738 0.0 3.0 4.0 0.0 3.0 0.0 0.0 2.0 4.0 4.0 1.0 0.0 4.0 3.0 4.0 4.0 4.0 4.0 4.0 0.0 3.0 0.0 2.0 0.0 0.0
2 4.180804583102738 0.0 3.0 4.0 0.0 3.0 0.0 0.0 2.0 4.0 4.0 1.0 0.0 4.0 3.0 4.0 4.0 4.0 4.0 4.0 0.0 3.0 0.0 2.0 0.0 0.0 4.180804583102738 0.0 3.0 4.0 0.0 3.0 0.0 0.0 2.0 4.0 4.0 1.0 0.0 4.0 3.0 4.0 4.0 4.0 4.0 4.0 0.0 3.0 0.0 2.0 0.0 0.0
2 4.180804583102738 0.0 3.0 4.0 0.0 3.0 0.0 0.0 2.0 4.0 4.0 1.0 0.0 4.0 3.0 4.0 4.0 4.0 4.0 4.0 0.0 3.0 0.0 2.0 0.0 0.0 4.180804583102738 0.0 3.0 4.0 0.0 3.0 0.0 0.0 2.0 4.0 4.0 1.0 0.0 4.0 3.0 4.0 4.0 4.0 4.0 4.0 0.0 3.0 0.0 2.0 0.0 0.0
2 4.180804583102738 0.0 3.0 4.0 0.0 3.0 0.0 0.0 2.0 4.0 4.0 1.0 0.0 4.0 3.0 4.0 4.0 4.0 4.0 4.0 0.0 3.0 0.0 2.0 0.0 0.0 4.180804583102738 0.0 3.0 4.0 0.0 3.0 0.0 0.0 2.0 4.0 4.0 1.0 0.0 4.0 3.0 4.0 4.0 4.0 4.0 4.0 0.0 3.0 0.0 2.0 0.0 0.0
2 4.180804583102738 0.0 3.0 4.0 0.0 3.0 0.0 0.0 2.0 4.0 4.0 1.0 0.0 4.0 3.0 4.0 4.0 4.0 4.0 4.0 0.0 3.0 0.0 2.0 0.0 0.0 4.180804583102738 0.0 3.0 4.0 0.0 3.0 0.0 0.0 2.0 4.0 4.0 1.0 0.0 4.0 3.0 4.0 4.0 4.0 4.0 4.0 0.0 3.0 0.0 2.0 0.0 0.0
2 4.180804583102738 0.0 3.0 4.0 0.0 3.0 0.0 0.0 2.0 4.0 4.0 1.0 0.0 4.0 3.0 4.0 4.0 4.0 4.0 4.0 0.0 3.0 0.0 2.0 0.0 0.0 4.180804583102738 0.0 3.0 4.0 0.0 3.0 0.0 0.0 2.0 4.0 4.0 1.0 0.0 4.0 3.0 4.0 4.0 4.0 4.0 4.0 0.0 3.0 0.0 2.0 0.0 0.0
2 4.180804583102738 0.0 3.0 4.0 0.0 3.0 0.0 0.0 2.0 4.0 4.0 1.0 0.0 4.0 3.0 4.0 4.0 4.0 4.0 4.0 0.0 3.0 0.0 2.0 0.0 0.0 4.180804583102738 0.0 3.0 4.0 0.0 3.0 0.0 0.0 2.0 4.0 4.0 1.0 0.0 4.0 3.0 4.0 4.0 4.0 4.0 4.0 0.0 3.0 0.0 2.0 0.0 0.0
2 4.180804583102738 0.0 3.0 4.0 0.0 3.0 0.0 0.0 2.0 4.0 4.0 1.0 0.0 4.0 3.0 4.0 4.0 4.0 4.0 4.0 0.0 3.0 0.0 2.0 0.0 0.0 4.526001977310903 0.0 3.0 4.0 0.0 3.0 0.0 0.0 2.0 4.0 4.0 1.0 0.0 4.0 3.0 4.0 4.0 4.0 4.0 4.0 0.0 0.0 0.0 2.0 0.0 0.0
2 4.526001977310903 0.0 3.0 4.0 0.0 3.0 0.0 0.0 2.0 4.0 4.0 1.0 0.0 4.0 3.0 4.0 4.0 4.0 4.0 4.0 0.0 0.0 0.0 2.0 0.0 0.0 4.526001977310903 0.0 3.0 4.0 0.0 3.0 0.0 0.0 2.0 4.0 4.0 1.0 0.0 4.0 3.0 4.0 4.0 4.0 4.0 4.0 0.0 0.0 0.0 2.0 0.0 0.0
2 4.526001977310903 0.0 3.0 4.0 0.0 3.0 0.0 0.0 2.0 4.0 4.0 1.0 0.0 4.0 3.0 4.0 4.0 4.0 4.0 4.0 0.0 0.0 0.0 2.0 0.0 0.0 4.526001977310903 0.0 3.0 4.0 0.0 3.0 0.0 0.0 2.0 4.0 4.0 1.0 0.0 4.0 3.0 4.0 4.0 4.0 4.0 4.0 0.0 0.0 0.0 2.0 0.0 0.0
2 4.526001977310903 0.0 3.0 4.0 0.0 3.0 0.0 0.0 2.0 4.0 4.0 1.0 0.0 4.0 3.0 4.0 4.0 4.0 4.0 4.0 0.0 0.0 0.0 2.0 0.0 0.0 4.530307839396762 0.0 3.0 3.0 0.0 3.0 0.0 0.0 2.0 4.0 4.0 1.0 0.0 4.0 3.0 4.0 4.0 4.0 4.0 4.0 0.0 0.0 0.0 2.0 0.0 0.0
2 4.530307839396762 0.0 3.0 3.0 0.0 3.0 0.0 0.0 2.0 4.0 4.0 1.0 0.0 4.0 3.0 4.0 4.0 4.0 4.0 4.0 0.0 0.0 0.0 2.0 0.0 0.0 4.530307839396762 0.0 3.0 3.0 0.0 3.0 0.0 0.0 2.0 4.0 4.0 1.0 0.0 4.0 3.0 4.0 4.0 4.0 4.0 4.0 0.0 0.0 0.0 2.0 0.0 0.0
2 4.530307839396762 0.0 3.0 3.0 0.0 3.0 0.0 0.0 2.0 4.0 4.0 1.0 0.0 4.0 3.0 4.0 4.0 4.0 4.0 4.0 0.0 0.0 0.0 2.0 0.0 0.0 4.530307839396762 0.0 3.0 3.0 0.0 3.0 0.0 0.0 2.0 4.0 4.0 1.0 0.0 4.0 3.0 4.0 4.0 4.0 4.0 4.0 0.0 0.0 0.0 2.0 0.0 0.0
2 4.530307839396762 0.0 3.0 3.0 0.0 3.0 0.0 0.0 2.0 4.0 4.0 1.0 0.0 4.0 3.0 4.0 4.0 4.0 4.0 4.0 0.0 0.0 0.0 2.0 0.0 0.0 4.530307839396762 0.0 3.0 3.0 0.0 3.0 0.0 0.0 2.0 4.0 4.0 1.0 0.0 4.0 3.0 4.0 4.0 4.0 4.0 4.0 0.0 0.0 0.0 2.0 0.0 0.0
2 4.530307839396762 0.0 3.0 3.0 0.0 3.0 0.0 0.0 2.0 4.0 4.0 1.0 0.0 4.0 3.0 4.0 4.0 4.0 4.0 4.0 0.0 0.0 0.0 2.0 0.0 0.0 4.530307839396762 0.0 3.0 3.0 0.0 3.0 0.0 0.0 2.0 4.0 4.0 1.0 0.0 4.0 3.0 4.0 4.0 4.0 4.0 4.0 0.0 0.0 0.0 2.0 0.0 0.0
2 4.530307839396762 0.0 3.0 3.0 0.0 3.0 0.0 0.0 2.0 4.0 4.0 1.0 0.0 4.0 3.0 4.0 4.0 4.0 4.0 4.0 0.0 0.0 0.0 2.0 0.0 0.0 4.530307839396762 0.0 3.0 3.0 0.0 3.0 0.0 0.0 2.0 4.0 4.0 1.0 0.0 4.0 3.0 4.0 4.0 4.0 4.0 4.0 0.0 0.0 0.0 2.0 0.0 0.0
2 4.530307839396762 0.0 3.0 3.0 0.0 3.0 0.0 0.0 2.0 4.0 4.0 1.0 0.0 4.0 3.0 4.0 4.0 4.0 4.0 4.0 0.0 0.0 0.0 2.0 0.0 0.0 4.544702188833587 0.0 3.0 3.0 0.0 3.0 0.0 0.0 2.0 4.0 4.0 1.0 2.0 4.0 3.0 4.0 4.0 4.0 1.0 4.0 0.0 0.0 0.0 2.0 0.0 0.0
2 4.544702188833587 0.0 3.0 3.0 0.0 3.0 0.0 0.0 2.0 4.0 4.0 1.0 2.0 4.0 3.0 4.0 4.0 4.0 1.0 4.0 0.0 0.0 0.0 2.0 0.0 0.0 4.544702188833587 0.0 3.0 3.0 0.0 3.0 0.0 0.0 2.0 4.0 4.0 1.0 2.0 4.0 3.0 4.0 4.0 4.0 1.0 4.0 0.0 0.0 0.0 2.0 0.0 0.0
2 4.544702188833587 0.0 3.0 3.0 0.0 3.0 0.0 0.0 2.0 4.0 4.0 1.0 2.0 4.0 3.0 4.0 4.0 4.0 1.0 4.0 0.0 0.0 0.0 2.0 0.0 0.0 4.544702188833587 0.0 3.0 3.0 0.0 3.0 0.0 0.0 2.0 4.0 4.0 1.0 2.0 4.0 3.0 4.0 4.0 4.0 1.0 4.0 0.0 0.0 0.0 2.0 0.0 0.0
2 4.544702188833587 0.0 3.0 3.0 0.0 3.0 0.0 0.0 2.0 4.0 4.0 1.0 2.0 4.0 3.0 4.0 4.0 4.0 1.0 4.0 0.0 0.0 0.0 2.0 0.0 0.0 4.544702188833587 0.0 3.0 3.0 0.0 3.0 0.0 0.0 2.0 4.0 4.0 1.0 2.0 4.0 3.0 4.0 4.0 4.0 1.0 4.0 0.0 0.0 0.0 2.0 0.0 0.0
2 4.544702188833587 0.0 3.0 3.0 0.0 3.0 0.0 0.0 2.0 4.0 4.0 1.0 2.0 4.0 3.0 4.0 4.0 4.0 1.0 4.0 0.0 0.0 0.0 2.0 0.0 0.0 4.621667535962577 0.0 3.0 3.0 4.0 3.0 0.0 0.0 2.0 4.0 4.0 1.0 0.0 4.0 3.0 4.0 4.0 4.0 4.0 4.0 0.0 0.0 0.0 2.0 0.0 0.0
2 4.621667535962577 0.0 3.0 3.0 4.0 3.0 0.0 0.0 2.0 4.0 4.0 1.0 0.0 4.0 3.0 4.0 4.0 4.0 4.0 4.0 0.0 0.0 0.0 2.0 0.0 0.0 4.621667535962577 0.0 3.0 3.0 4.0 3.0 0.0 0.0 2.0 4.0 4.0 1.0 0.0 4.0 3.0 4.0 4.0 4.0 4.0 4.0 0.0 0.0 0.0 2.0 0.0 0.0
2 4.621667535962577 0.0 3.0 3.0 4.0 3.0 0.0 0.0 2.0 4.0 4.0 1.0 0.0 4.0 3.0 4.0 4.0 4.0 4.0 4.0 0.0 0.0 0.0 2.0 0.0 0.0 4.621667535962577 0.0 3.0 3.0 4.0 3.0 0.0 0.0 2.0 4.0 4.0 1.0 0.0 4.0 3.0 4.0 4.0 4.0 4.0 4.0 0.0 0.0 0.0 2.0 0.0 0.0
2 4.621667535962577 0.0 3.0 3.0 4.0 3.0 0.0 0.0 2.0 4.0 4.0 1.0 0.0 4.0 3.0 4.0 4.0 4.0 4.0 4.0 0.0 0.0 0.0 2.0 0.0 0.0 4.621667535962577 0.0 3.0 3.0 4.0 3.0 0.0 0.0 2.0 4.0 4.0 1.0 0.0 4.0 3.0 4.0 4.0 4.0 4.0 4.0 0.0 0.0 0.0 2.0 0.0 0.0
2 4.621667535962577 0.0 3.0 3.0 4.0 3.0 0.0 0.0 2.0 4.0 4.0 1.0 0.0 4.0 3.0 4.0 4.0 4.0 4.0 4.0 0.0 0.0 0.0 2.0 0.0 0.0 4.621667535962577 0.0 3.0 3.0 4.0 3.0 0.0 0.0 2.0 4.0 4.0 1.0 0.0 4.0 3.0 4.0 4.0 4.0 4.0 4.0 0.0 0.0 0.0 2.0 0.0 0.0
2 4.621667535962577 0.0 3.0 3.0 4.0 3.0 0.0 0.0 2.0 4.0 4.0 1.0 0.0 4.0 3.0 4.0 4.0 4.0 4.0 4.0 0.0 0.0 0.0 2.0 0.0 0.0 4.621667535962577 0.0 3.0 3.0 4.0 3.0 0.0 0.0 2.0 4.0 4.0 1.0 0.0 4.0 3.0 4.0 4.0 4.0 4.0 4.0 0.0 0.0 0.0 2.0 0.0 0.0
2 4.621667535962577 0.0 3.0 3.0 4.0 3.0 0.0 0.0 2.0 4.0 4.0 1.0 0.0 4.0 3.0 4.0 4.0 4.0 4.0 4.0 0.0 0.0 0.0 2.0 0.0 0.0 4.979306938995201 0.0 3.0 4.0 4.0 3.0 0.0 0.0 2.0 4.0 0.0 1.0 0.0 4.0 3.0 4.0 4.0 4.0 4.0 4.0 0.0 0.0 0.0 2.0 0.0 0.0
2 4.979306938995201 0.0 3.0 4.0 4.0 3.0 0.0 0.0 2.0 4.0 0.0 1.0 0.0 4.0 3.0 4.0 4.0 4.0 4.0 4.0 0.0 0.0 0.0 2.0 0.0 0.0 4.979306938995201 0.0 3.0 4.0 4.0 3.0 0.0 0.0 2.0 4.0 0.0 1.0 0.0 4.0 3.0 4.0 4.0 4.0 4.0 4.0 0.0 0.0 0.0 2.0 0.0 0.0
2 4.979306938995201 0.0 3.0 4.0 4.0 3.0 0.0 0.0 2.0 4.0 0.0 1.0 0.0 4.0 3.0 4.0 4.0 4.0 4.0 4.0 0.0 0.0 0.0 2.0 0.0 0.0 5.187036779798995 0.0 3.0 4.0 4.0 3.0 0.0 0.0 0.0 4.0 0.0 0.0 0.0 4.0 3.0 4.0 4.0 4.0 4.0 4.0 0.0 0.0 0.0 2.0 0.0 0.0
2 5.187036779798995 0.0 3.0 4.0 4.0 3.0 0.0 0.0 0.0 4.0 0.0 0.0 0.0 4.0 3.0 4.0 4.0 4.0 4.0 4.0 0.0 0.0 0.0 2.0 0.0 0.0 5.187036779798995 0.0 3.0 4.0 4.0 3.0 0.0 0.0 0.0 4.0 0.0 0.0 0.0 4.0 3.0 4.0 4.0 4.0 4.0 4.0 0.0 0.0 0.0 2.0 0.0 0.0
2 5.187036779798995 0.0 3.0 4.0 4.0 3.0 0.0 0.0 0.0 4.0 0.0 0.0 0.0 4.0 3.0 4.0 4.0 4.0 4.0 4.0 0.0 0.0 0.0 2.0 0.0 0.0 5.187036779798995 0.0 3.0 4.0 4.0 3.0 0.0 0.0 0.0 4.0 0.0 0.0 0.0 4.0 3.0 4.0 4.0 4.0 4.0 4.0 0.0 0.0 0.0 2.0 0.0 0.0
2 5.187036779798995 0.0 3.0 4.0 4.0 3.0 0.0 0.0 0.0 4.0 0.0 0.0 0.0 4.0 3.0 4.0 4.0 4.0 4.0 4.0 0.0 0.0 0.0 2.0 0.0 0.0 5.187036779798995 0.0 3.0 4.0 4.0 3.0 0.0 0.0 0.0 4.0 0.0 0.0 0.0 4.0 3.0 4.0 4.0 4.0 4.0 4.0 0.0 0.0 0.0 2.0 0.0 0.0
2 5.187036779798995 0.0 3.0 4.0 4.0 3.0 0.0 0.0 0.0 4.0 0.0 0.0 0.0 4.0 3.0 4.0 4.0 4.0 4.0 4.0 0.0 0.0 0.0 2.0 0.0 0.0 5.187036779798995 0.0 3.0 4.0 4.0 3.0 0.0 0.0 0.0 4.0 0.0 0.0 0.0 4.0 3.0 4.0 4.0 4.0 4.0 4.0 0.0 0.0 0.0 2.0 0.0 0.0
2 5.187036779798995 0.0 3.0 4.0 4.0 3.0 0.0 0.0 0.0 4.0 0.0 0.0 0.0 4.0 3.0 4.0 4.0 4.0 4.0 4.0 0.0 0.0 0.0 2.0 0.0 0.0 5.187036779798995 0.0 3.0 4.0 4.0 3.0 0.0 0.0 0.0 4.0 0.0 0.0 0.0 4.0 3.0 4.0 4.0 4.0 4.0 4.0 0.0 0.0 0.0 2.0 0.0 0.0
2 5.187036779798995 0.0 3.0 4.0 4.0 3.0 0.0 0.0 0.0 4.0 0.0 0.0 0.0 4.0 3.0 4.0 4.0 4.0 4.0 4.0 0.0 0.0 0.0 2.0 0.0 0.0 5.187036779798995 0.0 3.0 4.0 4.0 3.0 0.0 0.0 0.0 4.0 0.0 0.0 0.0 4.0 3.0 4.0 4.0 4.0 4.0 4.0 0.0 0.0 0.0 2.0 0.0 0.0
2 5.187036779798995 0.0 3.0 4.0 4.0 3.0 0.0 0.0 0.0 4.0 0.0 0.0 0.0 4.0 3.0 4.0 4.0 4.0 4.0 4.0 0.0 0.0 0.0 2.0 0.0 0.0 5.187036779798995 0.0 3.0 4.0 4.0 3.0 0.0 0.0 0.0 4.0 0.0 0.0 0.0 4.0 3.0 4.0 4.0 4.0 4.0 4.0 0.0 0.0 0.0 2.0 0.0 0.0
2 5.187036779798995 0.0 3.0 4.0 4.0 3.0 0.0 0.0 0.0 4.0 0.0 0.0 0.0 4.0 3.0 4.0 4.0 4.0 4.0 4.0 0.0 0.0 0.0 2.0 0.0 0.0 5.187036779798995 0.0 3.0 4.0 4.0 3.0 0.0 0.0 0.0 4.0 0.0 0.0 0.0 4.0 3.0 4.0 4.0 4.0 4.0 4.0 0.0 0.0 0.0 2.0 0.0 0.0
2 5.187036779798995 0.0 3.0 4.0 4.0 3.0 0.0 0.0 0.0 4.0 0.0 0.0 0.0 4.0 3.0 4.0 4.0 4.0 4.0 4.0 0.0 0.0 0.0 2.0 0.0 0.0 5.187036779798995 0.0 3.0 4.0 4.0 3.0 0.0 0.0 0.0 4.0 0.0 0.0 0.0 4.0 3.0 4.0 4.0 4.0 4.0 4.0 0.0 0.0 0.0 2.0 0.0 0.0
2 5.187036779798995 0.0 3.0 4.0 4.0 3.0 0.0 0.0 0.0 4.0 0.0 0.0 0.0 4.0 3.0 4.0 4.0 4.0 4.0 4.0 0.0 0.0 0.0 2.0 0.0 0.0 5.187036779798995 0.0 3.0 4.0 4.0 3.0 0.0 0.0 0.0 4.0 0.0 0.0 0.0 4.0 3.0 4.0 4.0 4.0 4.0 4.0 0.0 0.0 0.0 2.0 0.0 0.0
2 5.187036779798995 0.0 3.0 4.0 4.0 3.0 0.0 0.0 0.0 4.0 0.0 0.0 0.0 4.0 3.0 4.0 4.0 4.0 4.0 4.0 0.0 0.0 0.0 2.0 0.0 0.0 5.187036779798995 0.0 3.0 4.0 4.0 3.0 0.0 0.0 0.0 4.0 0.0 0.0 0.0 4.0 3.0 4.0 4.0 4.0 4.0 4.0 0.0 0.0 0.0 2.0 0.0 0.0
2 5.187036779798995 0.0 3.0 4.0 4.0 3.0 0.0 0.0 0.0 4.0 0.0 0.0 0.0 4.0 3.0 4.0 4.0 4.0 4.0 4.0 0.0 0.0 0.0 2.0 0.0 0.0 5.187036779798995 0.0 3.0 4.0 4.0 3.0 0.0 0.0 0.0 4.0 0.0 0.0 0.0 4.0 3.0 4.0 4.0 4.0 4.0 4.0 0.0 0.0 0.0 2.0 0.0 0.0
2 5.187036779798995 0.0 3.0 4.0 4.0 3.0 0.0 0.0 0.0 4.0 0.0 0.0 0.0 4.0 3.0 4.0 4.0 4.0 4.0 4.0 0.0 0.0 0.0 2.0 0.0 0.0 5.187036779798995 0.0 3.0 4.0 4.0 3.0 0.0 0.0 0.0 4.0 0.0 0.0 0.0 4.0 3.0 4.0 4.0 4.0 4.0 4.0 0.0 0.0 0.0 2.0 0.0 0.0
2 5.187036779798995 0.0 3.0 4.0 4.0 3.0 0.0 0.0 0.0 4.0 0.0 0.0 0.0 4.0 3.0 4.0 4.0 4.0 4.0 4.0 0.0 0.0 0.0 2.0 0.0 0.0 5.187036779798995 0.0 3.0 4.0 4.0 3.0 0.0 0.0 0.0 4.0 0.0 0.0 0.0 4.0 3.0 4.0 4.0 4.0 4.0 4.0 0.0 0.0 0.0 2.0 0.0 0.0
2 5.187036779798995 0.0 3.0 4.0 4.0 3.0 0.0 0.0 0.0 4.0 0.0 0.0 0.0 4.0 3.0 4.0 4.0 4.0 4.0 4.0 0.0 0.0 0.0 2.0 0.0 0.0 5.187036779798995 0.0 3.0 4.0 4.0 3.0 0.0 0.0 0.0 4.0 0.0 0.0 0.0 4.0 3.0 4.0 4.0 4.0 4.0 4.0 0.0 0.0 0.0 2.0 0.0 0.0
2 5.187036779798995 0.0 3.0 4.0 4.0 3.0 0.0 0.0 0.0 4.0 0.0 0.0 0.0 4.0 3.0 4.0 4.0 4.0 4.0 4.0 0.0 0.0 0.0 2.0 0.0 0.0 5.187036779798995 0.0 3.0 4.0 4.0 3.0 0.0 0.0 0.0 4.0 0.0 0.0 0.0 4.0 3.0 4.0 4.0 4.0 4.0 4.0 0.0 0.0 0.0 2.0 0.0 0.0
2 5.187036779798995 0.0 3.0 4.0 4.0 3.0 0.0 0.0 0.0 4.0 0.0 0.0 0.0 4.0 3.0 4.0 4.0 4.0 4.0 4.0 0.0 0.0 0.0 2.0 0.0 0.0 5.187036779798995 0.0 3.0 4.0 4.0 3.0 0.0 0.0 0.0 4.0 0.0 0.0 0.0 4.0 3.0 4.0 4.0 4.0 4.0 4.0 0.0 0.0 0.0 2.0 0.0 0.0
2 5.187036779798995 0.0 3.0 4.0 4.0 3.0 0.0 0.0 0.0 4.0 0.0 0.0 0.0 4.0 3.0 4.0 4.0 4.0 4.0 4.0 0.0 0.0 0.0 2.0 0.0 0.0 5.187036779798995 0.0 3.0 4.0 4.0 3.0 0.0 0.0 0.0 4.0 0.0 0.0 0.0 4.0 3.0 4.0 4.0 4.0 4.0 4.0 0.0 0.0 0.0 2.0 0.0 0.0
2 5.187036779798995 0.0 3.0 4.0 4.0 3.0 0.0 0.0 0.0 4.0 0.0 0.0 0.0 4.0 3.0 4.0 4.0 4.0 4.0 4.0 0.0 0.0 0.0 2.0 0.0 0.0 5.187036779798995 0.0 3.0 4.0 4.0 3.0 0.0 0.0 0.0 4.0 0.0 0.0 0.0 4.0 3.0 4.0 4.0 4.0 4.0 4.0 0.0 0.0 0.0 2.0 0.0 0.0
2 5.187036779798995 0.0 3.0 4.0 4.0 3.0 0.0 0.0 0.0 4.0 0.0 0.0 0.0 4.0 3.0 4.0 4.0 4.0 4.0 4.0 0.0 0.0 0.0 2.0 0.0 0.0 5.187036779798995 0.0 3.0 4.0 4.0 3.0 0.0 0.0 0.0 4.0 0.0 0.0 0.0 4.0 3.0 4.0 4.0 4.0 4.0 4.0 0.0 0.0 0.0 2.0 0.0 0.0
2 5.187036779798995 0.0 3.0 4.0 4.0 3.0 0.0 0.0 0.0 4.0 0.0 0.0 0.0 4.0 3.0 4.0 4.0 4.0 4.0 4.0 0.0 0.0 0.0 2.0 0.0 0.0 5.187036779798995 0.0 3.0 4.0 4.0 3.0 0.0 0.0 0.0 4.0 0.0 0.0 0.0 4.0 3.0 4.0 4.0 4.0 4.0 4.0 0.0 0.0 0.0 2.0 0.0 0.0
2 5.187036779798995 0.0 3.0 4.0 4.0 3.0 0.0 0.0 0.0 4.0 0.0 0.0 0.0 4.0 3.0 4.0 4.0 4.0 4.0 4.0 0.0 0.0 0.0 2.0 0.0 0.0 5.187036779798995 0.0 3.0 4.0 4.0 3.0 0.0 0.0 0.0 4.0 0.0 0.0 0.0 4.0 3.0 4.0 4.0 4.0 4.0 4.0 0.0 0.0 0.0 2.0 0.0 0.0
2 5.187036779798995 0.0 3.0 4.0 4.0 3.0 0.0 0.0 0.0 4.0 0.0 0.0 0.0 4.0 3.0 4.0 4.0 4.0 4.0 4.0 0.0 0.0 0.0 2.0 0.0 0.0 5.63885066028593 0.0 3.0 3.0 4.0 3.0 0.0 0.0 2.0 4.0 0.0 1.0 0.0 4.0 3.0 4.0 1.0 1.0 4.0 4.0 0.0 0.0 4.0 2.0 0.0 0.0
2 5.63885066028593 0.0 3.0 3.0 4.0 3.0 0.0 0.0 2.0 4.0 0.0 1.0 0.0 4.0 3.0 4.0 1.0 1.0 4.0 4.0 0.0 0.0 4.0 2.0 0.0 0.0 5.63885066028593 0.0 3.0 3.0 4.0 3.0 0.0 0.0 2.0 4.0 0.0 1.0 0.0 4.0 3.0 4.0 1.0 1.0 4.0 4.0 0.0 0.0 4.0 2.0 0.0 0.0
2 5.63885066028593 0.0 3.0 3.0 4.0 3.0 0.0 0.0 2.0 4.0 0.0 1.0 0.0 4.0 3.0 4.0 1.0 1.0 4.0 4.0 0.0 0.0 4.0 2.0 0.0 0.0 5.63885066028593 0.0 3.0 3.0 4.0 3.0 0.0 0.0 2.0 4.0 0.0 1.0 0.0 4.0 3.0 4.0 1.0 1.0 4.0 4.0 0.0 0.0 4.0 2.0 0.0 0.0
2 5.63885066028593 0.0 3.0 3.0 4.0 3.0 0.0 0.0 2.0 4.0 0.0 1.0 0.0 4.0 3.0 4.0 1.0 1.0 4.0 4.0 0.0 0.0 4.0 2.0 0.0 0.0 5.63885066028593 0.0 3.0 3.0 4.0 3.0 0.0 0.0 2.0 4.0 0.0 1.0 0.0 4.0 3.0 4.0 1.0 1.0 4.0 4.0 0.0 0.0 4.0 2.0 0.0 0.0
2 5.63885066028593 0.0 3.0 3.0 4.0 3.0 0.0 0.0 2.0 4.0 0.0 1.0 0.0 4.0 3.0 4.0 1.0 1.0 4.0 4.0 0.0 0.0 4.0 2.0 0.0 0.0 5.63885066028593 0.0 3.0 3.0 4.0 3.0 0.0 0.0 2.0 4.0 0.0 1.0 0.0 4.0 3.0 4.0 1.0 1.0 4.0 4.0 0.0 0.0 4.0 2.0 0.0 0.0
2 5.63885066028593 0.0 3.0 3.0 4.0 3.0 0.0 0.0 2.0 4.0 0.0 1.0 0.0 4.0 3.0 4.0 1.0 1.0 4.0 4.0 0.0 0.0 4.0 2.0 0.0 0.0 5.63885066028593 0.0 3.0 3.0 4.0 3.0 0.0 0.0 2.0 4.0 0.0 1.0 0.0 4.0 3.0 4.0 1.0 1.0 4.0 4.0 0.0 0.0 4.0 2.0 0.0 0.0
2 5.63885066028593 0.0 3.0 3.0 4.0 3.0 0.0 0.0 2.0 4.0 0.0 1.0 0.0 4.0 3.0 4.0 1.0 1.0 4.0 4.0 0.0 0.0 4.0 2.0 0.0 0.0 5.63885066028593 0.0 3.0 3.0 4.0 3.0 0.0 0.0 2.0 4.0 0.0 1.0 0.0 4.0 3.0 4.0 1.0 1.0 4.0 4.0 0.0 0.0 4.0 2.0 0.0 0.0
2 5.63885066028593 0.0 3.0 3.0 4.0 3.0 0.0 0.0 2.0 4.0 0.0 1.0 0.0 4.0 3.0 4.0 1.0 1.0 4.0 4.0 0.0 0.0 4.0 2.0 0.0 0.0 5.63885066028593 0.0 3.0 3.0 4.0 3.0 0.0 0.0 2.0 4.0 0.0 1.0 0.0 4.0 3.0 4.0 1.0 1.0 4.0 4.0 0.0 0.0 4.0 2.0 0.0 0.0
2 5.63885066028593 0.0 3.0 3.0 4.0 3.0 0.0 0.0 2.0 4.0 0.0 1.0 0.0 4.0 3.0 4.0 1.0 1.0 4.0 4.0 0.0 0.0 4.0 2.0 0.0 0.0 5.63885066028593 0.0 3.0 3.0 4.0 3.0 0.0 0.0 2.0 4.0 0.0 1.0 0.0 4.0 3.0 4.0 1.0 1.0 4.0 4.0 0.0 0.0 4.0 2.0 0.0 0.0
2 5.63885066028593 0.0 3.0 3.0 4.0 3.0 0.0 0.0 2.0 4.0 0.0 1.0 0.0 4.0 3.0 4.0 1.0 1.0 4.0 4.0 0.0 0.0 4.0 2.0 0.0 0.0 5.63885066028593 0.0 3.0 3.0 4.0 3.0 0.0 0.0 2.0 4.0 0.0 1.0 0.0 4.0 3.0 4.0 1.0 1.0 4.0 4.0 0.0 0.0 4.0 2.0 0.0 0.0
2 5.63885066028593 0.0 3.0 3.0 4.0 3.0 0.0 0.0 2.0 4.0 0.0 1.0 0.0 4.0 3.0 4.0 1.0 1.0 4.0 4.0 0.0 0.0 4.0 2.0 0.0 0.0 5.63885066028593 0.0 3.0 3.0 4.0 3.0 0.0 0.0 2.0 4.0 0.0 1.0 0.0 4.0 3.0 4.0 1.0 1.0 4.0 4.0 0.0 0.0 4.0 2.0 0.0 0.0
2 5.63885066028593 0.0 3.0 3.0 4.0 3.0 0.0 0.0 2.0 4.0 0.0 1.0 0.0 4.0 3.0 4.0 1.0 1.0 4.0 4.0 0.0 0.0 4.0 2.0 0.0 0.0 5.63885066028593 0.0 3.0 3.0 4.0 3.0 0.0 0.0 2.0 4.0 0.0 1.0 0.0 4.0 3.0 4.0 1.0 1.0 4.0 4.0 0.0 0.0 4.0 2.0 0.0 0.0
2 5.63885066028593 0.0 3.0 3.0 4.0 3.0 0.0 0.0 2.0 4.0 0.0 1.0 0.0 4.0 3.0 4.0 1.0 1.0 4.0 4.0 0.0 0.0 4.0 2.0 0.0 0.0 5.63885066028593 0.0 3.0 3.0 4.0 3.0 0.0 0.0 2.0 4.0 0.0 1.0 0.0 4.0 3.0 4.0 1.0 1.0 4.0 4.0 0.0 0.0 4.0 2.0 0.0 0.0
2 5.63885066028593 0.0 3.0 3.0 4.0 3.0 0.0 0.0 2.0 4.0 0.0 1.0 0.0 4.0 3.0 4.0 1.0 1.0 4.0 4.0 0.0 0.0 4.0 2.0 0.0 0.0 5.63885066028593 0.0 3.0 3.0 4.0 3.0 0.0 0.0 2.0 4.0 0.0 1.0 0.0 4.0 3.0 4.0 1.0 1.0 4.0 4.0 0.0 0.0 4.0 2.0 0.0 0.0
2 5.63885066028593 0.0 3.0 3.0 4.0 3.0 0.0 0.0 2.0 4.0 0.0 1.0 0.0 4.0 3.0 4.0 1.0 1.0 4.0 4.0 0.0 0.0 4.0 2.0 0.0 0.0 5.66337937372123 0.0 3.0 1.0 4.0 3.0 0.0 0.0 2.0 4.0 0.0 1.0 0.0 4.0 3.0 4.0 1.0 1.0 4.0 4.0 0.0 0.0 4.0 2.0 0.0 0.0
2 5.66337937372123 0.0 3.0 1.0 4.0 3.0 0.0 0.0 2.0 4.0 0.0 1.0 0.0 4.0 3.0 4.0 1.0 1.0 4.0 4.0 0.0 0.0 4.0 2.0 0.0 0.0 5.66337937372123 0.0 3.0 1.0 4.0 3.0 0.0 0.0 2.0 4.0 0.0 1.0 0.0 4.0 3.0 4.0 1.0 1.0 4.0 4.0 0.0 0.0 4.0 2.0 0.0 0.0
2 5.66337937372123 0.0 3.0 1.0 4.0 3.0 0.0 0.0 2.0 4.0 0.0 1.0 0.0 4.0 3.0 4.0 1.0 1.0 4.0 4.0 0.0 0.0 4.0 2.0 0.0 0.0 5.751902168519191 0.0 3.0 1.0 4.0 3.0 3.0 1.0 3.0 4.0 0.0 1.0 0.0 4.0 3.0 4.0 1.0 1.0 4.0 4.0 0.0 0.0 4.0 2.0 0.0 0.0
2 5.751902168519191 0.0 3.0 1.0 4.0 3.0 3.0 1.0 3.0 4.0 0.0 1.0 0.0 4.0 3.0 4.0 1.0 1.0 4.0 4.0 0.0 0.0 4.0 2.0 0.0 0.0 5.751902168519191 0.0 3.0 1.0 4.0 3.0 3.0 1.0 3.0 4.0 0.0 1.0 0.0 4.0 3.0 4.0 1.0 1.0 4.0 4.0 0.0 0.0 4.0 2.0 0.0 0.0
2 5.751902168519191 0.0 3.0 1.0 4.0 3.0 3.0 1.0 3.0 4.0 0.0 1.0 0.0 4.0 3.0 4.0 1.0 1.0 4.0 4.0 0.0 0.0 4.0 2.0 0.0 0.0 5.769696789713777 0.0 3.0 3.0 4.0 4.0 0.0 0.0 2.0 4.0 0.0 1.0 0.0 4.0 3.0 4.0 1.0 1.0 4.0 4.0 0.0 0.0 4.0 2.0 0.0 0.0
2 5.769696789713777 0.0 3.0 3.0 4.0 4.0 0.0 0.0 2.0 4.0 0.0 1.0 0.0 4.0 3.0 4.0 1.0 1.0 4.0 4.0 0.0 0.0 4.0 2.0 0.0 0.0 5.769696789713777 0.0 3.0 3.0 4.0 4.0 0.0 0.0 2.0 4.0 0.0 1.0 0.0 4.0 3.0 4.0 1.0 1.0 4.0 4.0 0.0 0.0 4.0 2.0 0.0 0.0
2 5.769696789713777 0.0 3.0 3.0 4.0 4.0 0.0 0.0 2.0 4.0 0.0 1.0 0.0 4.0 3.0 4.0 1.0 1.0 4.0 4.0 0.0 0.0 4.0 2.0 0.0 0.0 5.769696789713777 0.0 3.0 3.0 4.0 4.0 0.0 0.0 2.0 4.0 0.0 1.0 0.0 4.0 3.0 4.0 1.0 1.0 4.0 4.0 0.0 0.0 4.0 2.0 0.0 0.0
2 5.769696789713777 0.0 3.0 3.0 4.0 4.0 0.0 0.0 2.0 4.0 0.0 1.0 0.0 4.0 3.0 4.0 1.0 1.0 4.0 4.0 0.0 0.0 4.0 2.0 0.0 0.0 5.769696789713777 0.0 3.0 3.0 4.0 4.0 0.0 0.0 2.0 4.0 0.0 1.0 0.0 4.0 3.0 4.0 1.0 1.0 4.0 4.0 0.0 0.0 4.0 2.0 0.0 0.0
2 5.769696789713777 0.0 3.0 3.0 4.0 4.0 0.0 0.0 2.0 4.0 0.0 1.0 0.0 4.0 3.0 4.0 1.0 1.0 4.0 4.0 0.0 0.0 4.0 2.0 0.0 0.0 5.769696789713777 0.0 3.0 3.0 4.0 4.0 0.0 0.0 2.0 4.0 0.0 1.0 0.0 4.0 3.0 4.0 1.0 1.0 4.0 4.0 0.0 0.0 4.0 2.0 0.0 0.0
2 5.769696789713777 0.0 3.0 3.0 4.0 4.0 0.0 0.0 2.0 4.0 0.0 1.0 0.0 4.0 3.0 4.0 1.0 1.0 4.0 4.0 0.0 0.0 4.0 2.0 0.0 0.0 5.769696789713777 0.0 3.0 3.0 4.0 4.0 0.0 0.0 2.0 4.0 0.0 1.0 0.0 4.0 3.0 4.0 1.0 1.0 4.0 4.0 0.0 0.0 4.0 2.0 0.0 0.0
2 5.769696789713777 0.0 3.0 3.0 4.0 4.0 0.0 0.0 2.0 4.0 0.0 1.0 0.0 4.0 3.0 4.0 1.0 1.0 4.0 4.0 0.0 0.0 4.0 2.0 0.0 0.0 5.816586355942715 0.0 3.0 3.0 4.0 1.0 0.0 0.0 2.0 4.0 0.0 1.0 0.0 4.0 3.0 4.0 2.0 1.0 4.0 4.0 0.0 0.0 4.0 2.0 0.0 0.0
2 5.816586355942715 0.0 3.0 3.0 4.0 1.0 0.0 0.0 2.0 4.0 0.0 1.0 0.0 4.0 3.0 4.0 2.0 1.0 4.0 4.0 0.0 0.0 4.0 2.0 0.0 0.0 6.0040390052855415 0.0 3.0 1.0 4.0 3.0 3.0 1.0 3.0 4.0 0.0 1.0 0.0 4.0 1.0 4.0 1.0 1.0 4.0 4.0 0.0 0.0 4.0 2.0 0.0 0.0
2 6.0040390052855415 0.0 3.0 1.0 4.0 3.0 3.0 1.0 3.0 4.0 0.0 1.0 0.0 4.0 1.0 4.0 1.0 1.0 4.0 4.0 0.0 0.0 4.0 2.0 0.0 0.0 6.0040390052855415 0.0 3.0 1.0 4.0 3.0 3.0 1.0 3.0 4.0 0.0 1.0 0.0 4.0 1.0 4.0 1.0 1.0 4.0 4.0 0.0 0.0 4.0 2.0 0.0 0.0
2 6.0040390052855415 0.0 3.0 1.0 4.0 3.0 3.0 1.0 3.0 4.0 0.0 1.0 0.0 4.0 1.0 4.0 1.0 1.0 4.0 4.0 0.0 0.0 4.0 2.0 0.0 0.0 6.0040390052855415 0.0 3.0 1.0 4.0 3.0 3.0 1.0 3.0 4.0 0.0 1.0 0.0 4.0 1.0 4.0 1.0 1.0 4.0 4.0 0.0 0.0 4.0 2.0 0.0 0.0
2 6.0040390052855415 0.0 3.0 1.0 4.0 3.0 3.0 1.0 3.0 4.0 0.0 1.0 0.0 4.0 1.0 4.0 1.0 1.0 4.0 4.0 0.0 0.0 4.0 2.0 0.0 0.0 6.0040390052855415 0.0 3.0 1.0 4.0 3.0 3.0 1.0 3.0 4.0 0.0 1.0 0.0 4.0 1.0 4.0 1.0 1.0 4.0 4.0 0.0 0.0 4.0 2.0 0.0 0.0
2 6.0040390052855415 0.0 3.0 1.0 4.0 3.0 3.0 1.0 3.0 4.0 0.0 1.0 0.0 4.0 1.0 4.0 1.0 1.0 4.0 4.0 0.0 0.0 4.0 2.0 0.0 0.0 6.0040390052855415 0.0 3.0 1.0 4.0 3.0 3.0 1.0 3.0 4.0 0.0 1.0 0.0 4.0 1.0 4.0 1.0 1.0 4.0 4.0 0.0 0.0 4.0 2.0 0.0 0.0
2 6.0040390052855415 0.0 3.0 1.0 4.0 3.0 3.0 1.0 3.0 4.0 0.0 1.0 0.0 4.0 1.0 4.0 1.0 1.0 4.0 4.0 0.0 0.0 4.0 2.0 0.0 0.0 6.0040390052855415 0.0 3.0 1.0 4.0 3.0 3.0 1.0 3.0 4.0 0.0 1.0 0.0 4.0 1.0 4.0 1.0 1.0 4.0 4.0 0.0 0.0 4.0 2.0 0.0 0.0
2 6.0040390052855415 0.0 3.0 1.0 4.0 3.0 3.0 1.0 3.0 4.0 0.0 1.0 0.0 4.0 1.0 4.0 1.0 1.0 4.0 4.0 0.0 0.0 4.0 2.0 0.0 0.0 6.0040390052855415 0.0 3.0 1.0 4.0 3.0 3.0 1.0 3.0 4.0 0.0 1.0 0.0 4.0 1.0 4.0 1.0 1.0 4.0 4.0 0.0 0.0 4.0 2.0 0.0 0.0
2 6.0040390052855415 0.0 3.0 1.0 4.0 3.0 3.0 1.0 3.0 4.0 0.0 1.0 0.0 4.0 1.0 4.0 1.0 1.0 4.0 4.0 0.0 0.0 4.0 2.0 0.0 0.0 6.0040390052855415 0.0 3.0 1.0 4.0 3.0 3.0 1.0 3.0 4.0 0.0 1.0 0.0 4.0 1.0 4.0 1.0 1.0 4.0 4.0 0.0 0.0 4.0 2.0 0.0 0.0
2 6.0040390052855415 0.0 3.0 1.0 4.0 3.0 3.0 1.0 3.0 4.0 0.0 1.0 0.0 4.0 1.0 4.0 1.0 1.0 4.0 4.0 0.0 0.0 4.0 2.0 0.0 0.0 6.0040390052855415 0.0 3.0 1.0 4.0 3.0 3.0 1.0 3.0 4.0 0.0 1.0 0.0 4.0 1.0 4.0 1.0 1.0 4.0 4.0 0.0 0.0 4.0 2.0 0.0 0.0
2 6.0040390052855415 0.0 3.0 1.0 4.0 3.0 3.0 1.0 3.0 4.0 0.0 1.0 0.0 4.0 1.0 4.0 1.0 1.0 4.0 4.0 0.0 0.0 4.0 2.0 0.0 0.0 6.0040390052855415 0.0 3.0 1.0 4.0 3.0 3.0 1.0 3.0 4.0 0.0 1.0 0.0 4.0 1.0 4.0 1.0 1.0 4.0 4.0 0.0 0.0 4.0 2.0 0.0 0.0
2 6.0040390052855415 0.0 3.0 1.0 4.0 3.0 3.0 1.0 3.0 4.0 0.0 1.0 0.0 4.0 1.0 4.0 1.0 1.0 4.0 4.0 0.0 0.0 4.0 2.0 0.0 0.0 6.0040390052855415 0.0 3.0 1.0 4.0 3.0 3.0 1.0 3.0 4.0 0.0 1.0 0.0 4.0 1.0 4.0 1.0 1.0 4.0 4.0 0.0 0.0 4.0 2.0 0.0 0.0
2 6.0040390052855415 0.0 3.0 1.0 4.0 3.0 3.0 1.0 3.0 4.0 0.0 1.0 0.0 4.0 1.0 4.0 1.0 1.0 4.0 4.0 0.0 0.0 4.0 2.0 0.0 0.0 6.0040390052855415 0.0 3.0 1.0 4.0 3.0 3.0 1.0 3.0 4.0 0.0 1.0 0.0 4.0 1.0 4.0 1.0 1.0 4.0 4.0 0.0 0.0 4.0 2.0 0.0 0.0
2 6.0040390052855415 0.0 3.0 1.0 4.0 3.0 3.0 1.0 3.0 4.0 0.0 1.0 0.0 4.0 1.0 4.0 1.0 1.0 4.0 4.0 0.0 0.0 4.0 2.0 0.0 0.0 6.0040390052855415 0.0 3.0 1.0 4.0 3.0 3.0 1.0 3.0 4.0 0.0 1.0 0.0 4.0 1.0 4.0 1.0 1.0 4.0 4.0 0.0 0.0 4.0 2.0 0.0 0.0
2 6.0040390052855415 0.0 3.0 1.0 4.0 3.0 3.0 1.0 3.0 4.0 0.0 1.0 0.0 4.0 1.0 4.0 1.0 1.0 4.0 4.0 0.0 0.0 4.0 2.0 0.0 0.0 6.0040390052855415 0.0 3.0 1.0 4.0 3.0 3.0 1.0 3.0 4.0 0.0 1.0 0.0 4.0 1.0 4.0 1.0 1.0 4.0 4.0 0.0 0.0 4.0 2.0 0.0 0.0
2 6.0040390052855415 0.0 3.0 1.0 4.0 3.0 3.0 1.0 3.0 4.0 0.0 1.0 0.0 4.0 1.0 4.0 1.0 1.0 4.0 4.0 0.0 0.0 4.0 2.0 0.0 0.0 6.0040390052855415 0.0 3.0 1.0 4.0 3.0 3.0 1.0 3.0 4.0 0.0 1.0 0.0 4.0 1.0 4.0 1.0 1.0 4.0 4.0 0.0 0.0 4.0 2.0 0.0 0.0
2 6.0040390052855415 0.0 3.0 1.0 4.0 3.0 3.0 1.0 3.0 4.0 0.0 1.0 0.0 4.0 1.0 4.0 1.0 1.0 4.0 4.0 0.0 0.0 4.0 2.0 0.0 0.0 6.0040390052855415 0.0 3.0 1.0 4.0 3.0 3.0 1.0 3.0 4.0 0.0 1.0 0.0 4.0 1.0 4.0 1.0 1.0 4.0 4.0 0.0 0.0 4.0 2.0 0.0 0.0
2 6.0040390052855415 0.0 3.0 1.0 4.0 3.0 3.0 1.0 3.0 4.0 0.0 1.0 0.0 4.0 1.0 4.0 1.0 1.0 4.0 4.0 0.0 0.0 4.0 2.0 0.0 0.0 6.0040390052855415 0.0 3.0 1.0 4.0 3.0 3.0 1.0 3.0 4.0 0.0 1.0 0.0 4.0 1.0 4.0 1.0 1.0 4.0 4.0 0.0 0.0 4.0 2.0 0.0 0.0
2 6.0040390052855415 0.0 3.0 1.0 4.0 3.0 3.0 1.0 3.0 4.0 0.0 1.0 0.0 4.0 1.0 4.0 1.0 1.0 4.0 4.0 0.0 0.0 4.0 2.0 0.0 0.0 6.0040390052855415 0.0 3.0 1.0 4.0 3.0 3.0 1.0 3.0 4.0 0.0 1.0 0.0 4.0 1.0 4.0 1.0 1.0 4.0 4.0 0.0 0.0 4.0 2.0 0.0 0.0
2 6.0040390052855415 0.0 3.0 1.0 4.0 3.0 3.0 1.0 3.0 4.0 0.0 1.0 0.0 4.0 1.0 4.0 1.0 1.0 4.0 4.0 0.0 0.0 4.0 2.0 0.0 0.0 6.0040390052855415 0.0 3.0 1.0 4.0 3.0 3.0 1.0 3.0 4.0 0.0 1.0 0.0 4.0 1.0 4.0 1.0 1.0 4.0 4.0 0.0 0.0 4.0 2.0 0.0 0.0
2 6.0040390052855415 0.0 3.0 1.0 4.0 3.0 3.0 1.0 3.0 4.0 0.0 1.0 0.0 4.0 1.0 4.0 1.0 1.0 4.0 4.0 0.0 0.0 4.0 2.0 0.0 0.0 6.0040390052855415 0.0 3.0 1.0 4.0 3.0 3.0 1.0 3.0 4.0 0.0 1.0 0.0 4.0 1.0 4.0 1.0 1.0 4.0 4.0 0.0 0.0 4.0 2.0 0.0 0.0
2 6.0040390052855415 0.0 3.0 1.0 4.0 3.0 3.0 1.0 3.0 4.0 0.0 1.0 0.0 4.0 1.0 4.0 1.0 1.0 4.0 4.0 0.0 0.0 4.0 2.0 0.0 0.0 6.0040390052855415 0.0 3.0 1.0 4.0 3.0 3.0 1.0 3.0 4.0 0.0 1.0 0.0 4.0 1.0 4.0 1.0 1.0 4.0 4.0 0.0 0.0 4.0 2.0 0.0 0.0
2 6.0040390052855415 0.0 3.0 1.0 4.0 3.0 3.0 1.0 3.0 4.0 0.0 1.0 0.0 4.0 1.0 4.0 1.0 1.0 4.0 4.0 0.0 0.0 4.0 2.0 0.0 0.0 6.0040390052855415 0.0 3.0 1.0 4.0 3.0 3.0 1.0 3.0 4.0 0.0 1.0 0.0 4.0 1.0 4.0 1.0 1.0 4.0 4.0 0.0 0.0 4.0 2.0 0.0 0.0
2 6.0040390052855415 0.0 3.0 1.0 4.0 3.0 3.0 1.0 3.0 4.0 0.0 1.0 0.0 4.0 1.0 4.0 1.0 1.0 4.0 4.0 0.0 0.0 4.0 2.0 0.0 0.0 6.0040390052855415 0.0 3.0 1.0 4.0 3.0 3.0 1.0 3.0 4.0 0.0 1.0 0.0 4.0 1.0 4.0 1.0 1.0 4.0 4.0 0.0 0.0 4.0 2.0 0.0 0.0
2 6.0040390052855415 0.0 3.0 1.0 4.0 3.0 3.0 1.0 3.0 4.0 0.0 1.0 0.0 4.0 1.0 4.0 1.0 1.0 4.0 4.0 0.0 0.0 4.0 2.0 0.0 0.0 6.0040390052855415 0.0 3.0 1.0 4.0 3.0 3.0 1.0 3.0 4.0 0.0 1.0 0.0 4.0 1.0 4.0 1.0 1.0 4.0 4.0 0.0 0.0 4.0 2.0 0.0 0.0
2 6.0040390052855415 0.0 3.0 1.0 4.0 3.0 3.0 1.0 3.0 4.0 0.0 1.0 0.0 4.0 1.0 4.0 1.0 1.0 4.0 4.0 0.0 0.0 4.0 2.0 0.0 0.0 6.0040390052855415 0.0 3.0 1.0 4.0 3.0 3.0 1.0 3.0 4.0 0.0 1.0 0.0 4.0 1.0 4.0 1.0 1.0 4.0 4.0 0.0 0.0 4.0 2.0 0.0 0.0
2 6.0040390052855415 0.0 3.0 1.0 4.0 3.0 3.0 1.0 3.0 4.0 0.0 1.0 0.0 4.0 1.0 4.0 1.0 1.0 4.0 4.0 0.0 0.0 4.0 2.0 0.0 0.0 6.328437472004476 0.0 3.0 1.0 4.0 3.0 3.0 1.0 3.0 4.0 0.0 1.0 0.0 0.0 1.0 4.0 1.0 1.0 4.0 4.0 0.0 0.0 4.0 2.0 0.0 0.0
2 6.328437472004476 0.0 3.0 1.0 4.0 3.0 3.0 1.0 3.0 4.0 0.0 1.0 0.0 0.0 1.0 4.0 1.0 1.0 4.0 4.0 0.0 0.0 4.0 2.0 0.0 0.0 6.328437472004476 0.0 3.0 1.0 4.0 3.0 3.0 1.0 3.0 4.0 0.0 1.0 0.0 0.0 1.0 4.0 1.0 1.0 4.0 4.0 0.0 0.0 4.0 2.0 0.0 0.0
2 6.328437472004476 0.0 3.0 1.0 4.0 3.0 3.0 1.0 3.0 4.0 0.0 1.0 0.0 0.0 1.0 4.0 1.0 1.0 4.0 4.0 0.0 0.0 4.0 2.0 0.0 0.0 6.328437472004476 0.0 3.0 1.0 4.0 3.0 3.0 1.0 3.0 4.0 0.0 1.0 0.0 0.0 1.0 4.0 1.0 1.0 4.0 4.0 0.0 0.0 4.0 2.0 0.0 0.0
2 6.328437472004476 0.0 3.0 1.0 4.0 3.0 3.0 1.0 3.0 4.0 0.0 1.0 0.0 0.0 1.0 4.0 1.0 1.0 4.0 4.0 0.0 0.0 4.0 2.0 0.0 0.0 6.328437472004476 0.0 3.0 1.0 4.0 3.0 3.0 1.0 3.0 4.0 0.0 1.0 0.0 0.0 1.0 4.0 1.0 1.0 4.0 4.0 0.0 0.0 4.0 2.0 0.0 0.0
2 6.328437472004476 0.0 3.0 1.0 4.0 3.0 3.0 1.0 3.0 4.0 0.0 1.0 0.0 0.0 1.0 4.0 1.0 1.0 4.0 4.0 0.0 0.0 4.0 2.0 0.0 0.0 6.328437472004476 0.0 3.0 1.0 4.0 3.0 3.0 1.0 3.0 4.0 0.0 1.0 0.0 0.0 1.0 4.0 1.0 1.0 4.0 4.0 0.0 0.0 4.0 2.0 0.0 0.0
2 6.328437472004476 0.0 3.0 1.0 4.0 3.0 3.0 1.0 3.0 4.0 0.0 1.0 0.0 0.0 1.0 4.0 1.0 1.0 4.0 4.0 0.0 0.0 4.0 2.0 0.0 0.0 6.328437472004476 0.0 3.0 1.0 4.0 3.0 3.0 1.0 3.0 4.0 0.0 1.0 0.0 0.0 1.0 4.0 1.0 1.0 4.0 4.0 0.0 0.0 4.0 2.0 0.0 0.0
2 6.328437472004476 0.0 3.0 1.0 4.0 3.0 3.0 1.0 3.0 4.0 0.0 1.0 0.0 0.0 1.0 4.0 1.0 1.0 4.0 4.0 0.0 0.0 4.0 2.0 0.0 0.0 6.328437472004476 0.0 3.0 1.0 4.0 3.0 3.0 1.0 3.0 4.0 0.0 1.0 0.0 0.0 1.0 4.0 1.0 1.0 4.0 4.0 0.0 0.0 4.0 2.0 0.0 0.0
2 6.328437472004476 0.0 3.0 1.0 4.0 3.0 3.0 1.0 3.0 4.0 0.0 1.0 0.0 0.0 1.0 4.0 1.0 1.0 4.0 4.0 0.0 0.0 4.0 2.0 0.0 0.0 6.328437472004476 0.0 3.0 1.0 4.0 3.0 3.0 1.0 3.0 4.0 0.0 1.0 0.0 0.0 1.0 4.0 1.0 1.0 4.0 4.0 0.0 0.0 4.0 2.0 0.0 0.0
2 6.328437472004476 0.0 3.0 1.0 4.0 3.0 3.0 1.0 3.0 4.0 0.0 1.0 0.0 0.0 1.0 4.0 1.0 1.0 4.0 4.0 0.0 0.0 4.0 2.0 0.0 0.0 6.328437472004476 0.0 3.0 1.0 4.0 3.0 3.0 1.0 3.0 4.0 0.0 1.0 0.0 0.0 1.0 4.0 1.0 1.0 4.0 4.0 0.0 0.0 4.0 2.0 0.0 0.0
2 6.328437472004476 0.0 3.0 1.0 4.0 3.0 3.0 1.0 3.0 4.0 0.0 1.0 0.0 0.0 1.0 4.0 1.0 1.0 4.0 4.0 0.0 0.0 4.0 2.0 0.0 0.0 6.328437472004476 0.0 3.0 1.0 4.0 3.0 3.0 1.0 3.0 4.0 0.0 1.0 0.0 0.0 1.0 4.0 1.0 1.0 4.0 4.0 0.0 0.0 4.0 2.0 0.0 0.0
2 6.328437472004476 0.0 3.0 1.0 4.0 3.0 3.0 1.0 3.0 4.0 0.0 1.0 0.0 0.0 1.0 4.0 1.0 1.0 4.0 4.0 0.0 0.0 4.0 2.0 0.0 0.0 6.520158425038619 0.0 3.0 1.0 4.0 3.0 3.0 1.0 3.0 4.0 0.0 1.0 0.0 0.0 1.0 4.0 1.0 4.0 4.0 4.0 0.0 0.0 4.0 2.0 0.0 0.0
2 6.520158425038619 0.0 3.0 1.0 4.0 3.0 3.0 1.0 3.0 4.0 0.0 1.0 0.0 0.0 1.0 4.0 1.0 4.0 4.0 4.0 0.0 0.0 4.0 2.0 0.0 0.0 6.520158425038619 0.0 3.0 1.0 4.0 3.0 3.0 1.0 3.0 4.0 0.0 1.0 0.0 0.0 1.0 4.0 1.0 4.0 4.0 4.0 0.0 0.0 4.0 2.0 0.0 0.0
2 6.520158425038619 0.0 3.0 1.0 4.0 3.0 3.0 1.0 3.0 4.0 0.0 1.0 0.0 0.0 1.0 4.0 1.0 4.0 4.0 4.0 0.0 0.0 4.0 2.0 0.0 0.0 6.520158425038619 0.0 3.0 1.0 4.0 3.0 3.0 1.0 3.0 4.0 0.0 1.0 0.0 0.0 1.0 4.0 1.0 4.0 4.0 4.0 0.0 0.0 4.0 2.0 0.0 0.0
2 6.520158425038619 0.0 3.0 1.0 4.0 3.0 3.0 1.0 3.0 4.0 0.0 1.0 0.0 0.0 1.0 4.0 1.0 4.0 4.0 4.0 0.0 0.0 4.0 2.0 0.0 0.0 6.520158425038619 0.0 3.0 1.0 4.0 3.0 3.0 1.0 3.0 4.0 0.0 1.0 0.0 0.0 1.0 4.0 1.0 4.0 4.0 4.0 0.0 0.0 4.0 2.0 0.0 0.0
2 6.520158425038619 0.0 3.0 1.0 4.0 3.0 3.0 1.0 3.0 4.0 0.0 1.0 0.0 0.0 1.0 4.0 1.0 4.0 4.0 4.0 0.0 0.0 4.0 2.0 0.0 0.0 6.576903080353784 0.0 3.0 1.0 4.0 3.0 3.0 1.0 3.0 4.0 0.0 1.0 0.0 0.0 1.0 4.0 4.0 4.0 4.0 4.0 0.0 0.0 4.0 2.0 0.0 0.0
2 6.576903080353784 0.0 3.0 1.0 4.0 3.0 3.0 1.0 3.0 4.0 0.0 1.0 0.0 0.0 1.0 4.0 4.0 4.0 4.0 4.0 0.0 0.0 4.0 2.0 0.0 0.0 6.576903080353784 0.0 3.0 1.0 4.0 3.0 3.0 1.0 3.0 4.0 0.0 1.0 0.0 0.0 1.0 4.0 4.0 4.0 4.0 4.0 0.0 0.0 4.0 2.0 0.0 0.0
2 6.576903080353784 0.0 3.0 1.0 4.0 3.0 3.0 1.0 3.0 4.0 0.0 1.0 0.0 0.0 1.0 4.0 4.0 4.0 4.0 4.0 0.0 0.0 4.0 2.0 0.0 0.0 6.576903080353784 0.0 3.0 1.0 4.0 3.0 3.0 1.0 3.0 4.0 0.0 1.0 0.0 0.0 1.0 4.0 4.0 4.0 4.0 4.0 0.0 0.0 4.0 2.0 0.0 0.0
2 6.576903080353784 0.0 3.0 1.0 4.0 3.0 3.0 1.0 3.0 4.0 0.0 1.0 0.0 0.0 1.0 4.0 4.0 4.0 4.0 4.0 0.0 0.0 4.0 2.0 0.0 0.0 6.576903080353784 0.0 3.0 1.0 4.0 3.0 3.0 1.0 3.0 4.0 0.0 1.0 0.0 0.0 1.0 4.0 4.0 4.0 4.0 4.0 0.0 0.0 4.0 2.0 0.0 0.0
2 6.576903080353784 0.0 3.0 1.0 4.0 3.0 3.0 1.0 3.0 4.0 0.0 1.0 0.0 0.0 1.0 4.0 4.0 4.0 4.0 4.0 0.0 0.0 4.0 2.0 0.0 0.0 6.576903080353784 0.0 3.0 1.0 4.0 3.0 3.0 1.0 3.0 4.0 0.0 1.0 0.0 0.0 1.0 4.0 4.0 4.0 4.0 4.0 0.0 0.0 4.0 2.0 0.0 0.0
2 6.576903080353784 0.0 3.0 1.0 4.0 3.0 3.0 1.0 3.0 4.0 0.0 1.0 0.0 0.0 1.0 4.0 4.0 4.0 4.0 4.0 0.0 0.0 4.0 2.0 0.0 0.0 6.576903080353784 0.0 3.0 1.0 4.0 3.0 3.0 1.0 3.0 4.0 0.0 1.0 0.0 0.0 1.0 4.0 4.0 4.0 4.0 4.0 0.0 0.0 4.0 2.0 0.0 0.0
2 6.576903080353784 0.0 3.0 1.0 4.0 3.0 3.0 1.0 3.0 4.0 0.0 1.0 0.0 0.0 1.0 4.0 4.0 4.0 4.0 4.0 0.0 0.0 4.0 2.0 0.0 0.0 6.576903080353784 0.0 3.0 1.0 4.0 3.0 3.0 1.0 3.0 4.0 0.0 1.0 0.0 0.0 1.0 4.0 4.0 4.0 4.0 4.0 0.0 0.0 4.0 2.0 0.0 0.0
2 6.576903080353784 0.0 3.0 1.0 4.0 3.0 3.0 1.0 3.0 4.0 0.0 1.0 0.0 0.0 1.0 4.0 4.0 4.0 4.0 4.0 0.0 0.0 4.0 2.0 0.0 0.0 6.576903080353784 0.0 3.0 1.0 4.0 3.0 3.0 1.0 3.0 4.0 0.0 1.0 0.0 0.0 1.0 4.0 4.0 4.0 4.0 4.0 0.0 0.0 4.0 2.0 0.0 0.0
2 6.576903080353784 0.0 3.0 1.0 4.0 3.0 3.0 1.0 3.0 4.0 0.0 1.0 0.0 0.0 1.0 4.0 4.0 4.0 4.0 4.0 0.0 0.0 4.0 2.0 0.0 0.0 6.576903080353784 0.0 3.0 1.0 4.0 3.0 3.0 1.0 3.0 4.0 0.0 1.0 0.0 0.0 1.0 4.0 4.0 4.0 4.0 4.0 0.0 0.0 4.0 2.0 0.0 0.0
2 6.576903080353784 0.0 3.0 1.0 4.0 3.0 3.0 1.0 3.0 4.0 0.0 1.0 0.0 0.0 1.0 4.0 4.0 4.0 4.0 4.0 0.0 0.0 4.0 2.0 0.0 0.0 6.576903080353784 0.0 3.0 1.0 4.0 3.0 3.0 1.0 3.0 4.0 0.0 1.0 0.0 0.0 1.0 4.0 4.0 4.0 4.0 4.0 0.0 0.0 4.0 2.0 0.0 0.0
2 6.576903080353784 0.0 3.0 1.0 4.0 3.0 3.0 1.0 3.0 4.0 0.0 1.0 0.0 0.0 1.0 4.0 4.0 4.0 4.0 4.0 0.0 0.0 4.0 2.0 0.0 0.0 6.576903080353784 0.0 3.0 1.0 4.0 3.0 3.0 1.0 3.0 4.0 0.0 1.0 0.0 0.0 1.0 4.0 4.0 4.0 4.0 4.0 0.0 0.0 4.0 2.0 0.0 0.0
2 6.576903080353784 0.0 3.0 1.0 4.0 3.0 3.0 1.0 3.0 4.0 0.0 1.0 0.0 0.0 1.0 4.0 4.0 4.0 4.0 4.0 0.0 0.0 4.0 2.0 0.0 0.0 6.576903080353784 0.0 3.0 1.0 4.0 3.0 3.0 1.0 3.0 4.0 0.0 1.0 0.0 0.0 1.0 4.0 4.0 4.0 4.0 4.0 0.0 0.0 4.0 2.0 0.0 0.0
2 6.576903080353784 0.0 3.0 1.0 4.0 3.0 3.0 1.0 3.0 4.0 0.0 1.0 0.0 0.0 1.0 4.0 4.0 4.0 4.0 4.0 0.0 0.0 4.0 2.0 0.0 0.0 6.576903080353784 0.0 3.0 1.0 4.0 3.0 3.0 1.0 3.0 4.0 0.0 1.0 0.0 0.0 1.0 4.0 4.0 4.0 4.0 4.0 0.0 0.0 4.0 2.0 0.0 0.0
2 6.576903080353784 0.0 3.0 1.0 4.0 3.0 3.0 1.0 3.0 4.0 0.0 1.0 0.0 0.0 1.0 4.0 4.0 4.0 4.0 4.0 0.0 0.0 4.0 2.0 0.0 0.0 6.576903080353784 0.0 3.0 1.0 4.0 3.0 3.0 1.0 3.0 4.0 0.0 1.0 0.0 0.0 1.0 4.0 4.0 4.0 4.0 4.0 0.0 0.0 4.0 2.0 0.0 0.0
